OTUID	All	KO	OE	WT
ASV_1	4.10317	3.282909	3.939479	5.087122
ASV_2	3.837889	5.561184	2.627755	3.324727
ASV_3	2.607153	2.289766	2.351030	3.180663
ASV_4	2.099579	2.249817	1.546180	2.502741
ASV_8	1.751395	1.205197	2.197704	1.851285
ASV_6	1.609003	2.517378	0.994229	1.315401
ASV_7	1.60084	1.499917	1.572726	1.729876
ASV_9	1.36554	1.257142	1.429293	1.410186
ASV_10	1.181136	1.7063911	0.7922425	1.0447753
ASV_11	1.068616	1.020172	1.035572	1.150105
ASV_14	1.034783	0.8673972	1.0904852	1.1464670
ASV_12	1.002251	1.0037327	0.8475257	1.1554933
ASV_15	0.982462	1.0510073	1.0084564	0.8879232
ASV_13	0.961889	0.6658448	1.2815023	0.9383202
ASV_16	0.931809	0.7312616	0.8983890	1.1657756
ASV_17	0.859619	1.2021577	0.5594226	0.8172772
ASV_18	0.801523	0.6276000	0.7613409	1.0156289
ASV_20	0.696405	0.5942390	0.3553595	1.1396172
ASV_19	0.690018	0.7644963	0.6538604	0.6516983
ASV_23	0.614535	0.6840057	0.5492987	0.6103002
ASV_21	0.60139	0.4810112	0.5883634	0.7347943
ASV_22	0.555336	0.8817282	0.3425217	0.4417574
ASV_25	0.568183	0.6545794	0.5695285	0.4804399
ASV_26	0.565245	0.4405133	0.5959608	0.6592604
ASV_28	0.557853	0.5531128	0.5035030	0.6169422
ASV_29	0.55954	0.5108465	0.6228920	0.5448806
ASV_30	0.562572	0.4228386	0.6252999	0.6395774
ASV_24	0.540142	0.7297797	0.2915346	0.5991117
ASV_31	0.519307	0.6024845	0.3996216	0.5558137
ASV_27	0.524844	0.496230	0.553758	0.524543
ASV_33	0.487524	0.4990417	0.5093675	0.4541641
ASV_32	0.482153	0.4647577	0.4315652	0.5501363
ASV_35	0.482027	0.3279998	0.4406348	0.6774473
ASV_34	0.487368	0.4130541	0.5511224	0.4979260
ASV_36	0.47099	0.5056048	0.3810131	0.5263534
ASV_38	0.447766	0.7326231	0.2473706	0.3633045
ASV_37	0.457715	0.2987782	0.4920647	0.5823032
ASV_40	0.447037	0.2406514	0.9751413	0.1253173
ASV_42	0.413364	0.3637559	0.3139107	0.5624254
ASV_41	0.408868	0.6032366	0.2825916	0.3407746
ASV_39	0.411708	0.4689872	0.3339892	0.4321473
ASV_47	0.383432	0.4599695	0.3268956	0.3634302
ASV_44	0.378117	0.4248027	0.2904195	0.4191289
ASV_45	0.371218	0.5821191	0.2124346	0.3191017
ASV_54	0.362671	0.5340988	0.1759481	0.3779653
ASV_46	0.371377	0.3444301	0.4843427	0.2853587
ASV_52	0.362314	0.2877527	0.3749653	0.4242230
ASV_48	0.35682	0.2670527	0.4182239	0.3851827
ASV_43	0.351527	0.09675842	0.34135269	0.61647067
ASV_51	0.347848	0.3274262	0.2817158	0.4344006
ASV_50	0.345815	0.3528069	0.3439527	0.3406843
ASV_53	0.337375	0.2839125	0.3334348	0.3947775
ASV_49	0.333095	0.4663766	0.4093725	0.1235346
ASV_55	0.325319	0.4355630	0.3320440	0.2083488
ASV_57	0.309507	0.2914280	0.2681799	0.3689137
ASV_58	0.293052	0.3827547	0.2552216	0.2411804
ASV_62	0.292439	0.3086216	0.2988333	0.2698621
ASV_56	0.27894	0.1766795	0.2590977	0.4010437
ASV_59	0.261766	0.3707594	0.1777905	0.2367487
ASV_61	0.271919	0.1654163	0.4006647	0.2496755
ASV_60	0.262806	0.2410899	0.2427559	0.3045713
ASV_67	0.258971	0.3696466	0.1869485	0.2203188
ASV_64	0.261686	0.2578781	0.2925249	0.2346554
ASV_66	0.253789	0.3204988	0.1759938	0.2648736
ASV_65	0.24436	0.57651778	0.07987520	0.07668795
ASV_68	0.25172	0.3569218	0.1764709	0.2217665
ASV_63	0.258286	0.08442526	0.58769065	0.10274229
ASV_70	0.236177	0.3134546	0.1967823	0.1982931
ASV_69	0.23833	0.2559136	0.2402302	0.2188470
ASV_82	0.231448	0.3213416	0.1919971	0.1810060
ASV_72	0.227602	0.3945827	0.1177490	0.1704732
ASV_71	0.230356	0.3257304	0.1869787	0.1783599
ASV_74	0.222535	0.2323070	0.2336657	0.2016315
ASV_76	0.222768	0.1742584	0.2487430	0.2453035
ASV_73	0.219531	0.1749781	0.1868987	0.2967162
ASV_75	0.214816	0.2714947	0.1886546	0.1842976
ASV_77	0.214902	0.1848328	0.1660588	0.2938145
ASV_83	0.211611	0.2752608	0.1807214	0.1788513
ASV_84	0.209827	0.1844911	0.1961954	0.2487946
ASV_81	0.209942	0.1872790	0.2791088	0.1634379
ASV_93	0.20742	0.1370225	0.3170341	0.1682040
ASV_79	0.201893	0.2641016	0.1207696	0.2208070
ASV_78	0.203751	0.1789662	0.1730446	0.2592411
ASV_85	0.203272	0.1591989	0.1716218	0.2789955
ASV_80	0.200581	0.2018577	0.1629016	0.2369830
ASV_87	0.198607	0.08299171	0.13731794	0.37551025
ASV_88	0.202564	0.3242952	0.1702940	0.1131018
ASV_86	0.194117	0.1247167	0.1770288	0.2806044
ASV_89	0.191332	0.1467887	0.2153401	0.2118683
ASV_97	0.184098	0.1920458	0.1541443	0.2061034
ASV_92	0.188332	0.2187919	0.2841897	0.0620141
ASV_91	0.179809	0.1683467	0.1631098	0.2079710
ASV_94	0.176571	0.1158873	0.1391401	0.2746855
ASV_100	0.182467	0.1310939	0.2512022	0.1651040
ASV_106	0.172848	0.1752221	0.1288843	0.2144388
ASV_109	0.174443	0.2118134	0.1527758	0.1587403
ASV_90	0.172806	0.2423026	0.1302353	0.1458806
ASV_95	0.170781	0.2452499	0.1402293	0.1268640
ASV_98	0.168028	0.2132007	0.1817131	0.1091703
ASV_110	0.167825	0.1524473	0.1902863	0.1607415
ASV_112	0.17073	0.08648036	0.28083528	0.14487363
ASV_101	0.165752	0.1651723	0.2051746	0.1269083
ASV_102	0.161073	0.2172864	0.1046511	0.1612821
ASV_96	0.159403	0.2121628	0.1300698	0.1359751
ASV_108	0.160807	0.2028150	0.1372756	0.1423290
ASV_117	0.164916	0.1203129	0.2474003	0.1270359
ASV_104	0.163119	0.06032693	0.19590485	0.23312610
ASV_105	0.156828	0.1247721	0.1511092	0.1946037
ASV_195	0.158613	0.1044848	0.1841616	0.1871923
ASV_99	0.15452	0.1877123	0.1441576	0.1316903
ASV_103	0.149832	0.2317559	0.1057587	0.1119816
ASV_118	0.151134	0.1735607	0.1220225	0.1578177
ASV_129	0.154174	0.1227114	0.1816408	0.1581696
ASV_119	0.152831	0.1240957	0.1666977	0.1676986
ASV_115	0.151063	0.1014404	0.1742703	0.1774769
ASV_111	0.149723	0.04759341	0.20881042	0.19276593
ASV_125	0.148157	0.1026954	0.1755625	0.1662124
ASV_107	0.145646	0.1959090	0.1049254	0.1361046
ASV_121	0.148009	0.1442781	0.1611929	0.1385558
ASV_113	0.13647	0.26164575	0.04886124	0.09890249
ASV_126	0.142911	0.1501733	0.1569656	0.1215927
ASV_114	0.149238	0.14968434	0.26756284	0.03046624
ASV_116	0.138322	0.19738888	0.09795357	0.11962379
ASV_122	0.136664	0.1367597	0.1314794	0.1417537
ASV_133	0.136904	0.1668088	0.1107159	0.1331859
ASV_128	0.137626	0.1668302	0.1255159	0.1205305
ASV_124	0.134066	0.17376645	0.09432378	0.13410769
ASV_138	0.127161	0.1079141	0.1294555	0.1441136
ASV_120	0.127225	0.09772714	0.17666581	0.10728081
ASV_127	0.1231	0.1261429	0.1091463	0.1340105
ASV_135	0.123714	0.1356844	0.1085594	0.1268993
ASV_134	0.122898	0.1317354	0.1088410	0.1281184
ASV_123	0.122367	0.14865192	0.08157732	0.13687319
ASV_130	0.123454	0.09571675	0.12956757	0.14507691
ASV_132	0.121486	0.1392699	0.1069443	0.1182446
ASV_156	0.127821	0.07047677	0.27420726	0.03877756
ASV_152	0.119365	0.1084921	0.0995053	0.1500964
ASV_139	0.117485	0.1094494	0.1154964	0.1275085
ASV_161	0.114879	0.1425396	0.1290522	0.0730466
ASV_140	0.110827	0.13880648	0.08610335	0.10757051
ASV_141	0.109835	0.13046857	0.09732721	0.10170930
ASV_143	0.112317	0.08973507	0.11924249	0.12797475
ASV_266	0.114714	0.10082844	0.18076849	0.06254643
ASV_145	0.111276	0.13019187	0.11695286	0.08668232
ASV_148	0.107666	0.10832432	0.06759177	0.14708229
ASV_168	0.103181	0.269064783	0.036559607	0.003920003
ASV_144	0.11022	0.06116569	0.12888774	0.14060732
ASV_149	0.107591	0.10198578	0.08028498	0.14050281
ASV_154	0.107494	0.01873024	0.07894586	0.22480677
ASV_147	0.104449	0.18578079	0.04723611	0.08033144
ASV_204	0.109402	0.06170385	0.21187443	0.05462672
ASV_136	0.104486	0.1008937	0.0900894	0.1224764
ASV_150	0.106531	0.09425901	0.11751130	0.10782292
ASV_153	0.104698	0.1045335	0.1010804	0.1084810
ASV_155	0.10469	0.10119598	0.11491285	0.09796018
ASV_164	0.10033	0.16696834	0.07161006	0.06241025
ASV_172	0.10384	0.11751428	0.11826003	0.07574673
ASV_157	0.102163	0.12859366	0.08036680	0.09752744
ASV_160	0.103636	0.07791747	0.13087859	0.10211100
ASV_162	0.105123	0.07881222	0.14731830	0.08923880
ASV_142	0.10362	0.09406155	0.11654795	0.10024901
ASV_151	0.104213	0.03649775	0.15375687	0.12238334
ASV_166	0.103652	0.11245829	0.11190393	0.08659386
ASV_188	0.099861	0.14013770	0.06444673	0.09499979
ASV_165	0.101186	0.08257465	0.12250493	0.09847930
ASV_170	0.097906	0.13506685	0.08457617	0.07407503
ASV_146	0.097955	0.06039493	0.07436676	0.15910301
ASV_183	0.097529	0.12370580	0.08459593	0.08428500
ASV_159	0.098385	0.10129098	0.09393905	0.09992371
ASV_167	0.098121	0.07218099	0.10605780	0.11612433
ASV_186	0.097811	0.09048037	0.10203248	0.10092009
ASV_192	0.094542	0.11549369	0.05319755	0.11493548
ASV_177	0.096669	0.10043361	0.10289934	0.08667376
ASV_158	0.09607	0.06517981	0.10265374	0.12037749
ASV_169	0.096122	0.10086983	0.08437652	0.10311913
ASV_174	0.095742	0.06386075	0.11849039	0.10487636
ASV_180	0.091141	0.19065152	0.03253381	0.05023657
ASV_185	0.093214	0.05374163	0.09510857	0.13079040
ASV_171	0.092434	0.10293842	0.10331869	0.07104553
ASV_196	0.093121	0.07277328	0.10999506	0.09659466
ASV_213	0.091003	0.12457936	0.07807426	0.07035448
ASV_182	0.088656	0.14723162	0.05775558	0.06098062
ASV_187	0.09082	0.07040524	0.11364276	0.08841076
ASV_163	0.092512	0.01597787	0.19777460	0.06378475
ASV_178	0.08852	0.09881363	0.08623493	0.08051046
ASV_176	0.087477	0.12219570	0.07127797	0.06895781
ASV_225	0.089798	0.06661046	0.09495037	0.10783435
ASV_179	0.08396	0.18253919	0.03764048	0.03170175
ASV_200	0.088196	0.07999743	0.10703861	0.07755217
ASV_202	0.086499	0.08282804	0.08028324	0.09638518
ASV_181	0.085589	0.09991541	0.07465892	0.08219118
ASV_173	0.084294	0.09347744	0.08154175	0.07786296
ASV_322	0.085134	0.07217875	0.09715500	0.08606924
ASV_238	0.084246	0.08618334	0.08182630	0.08472755
ASV_190	0.083018	0.13878251	0.05344236	0.05682870
ASV_216	0.081616	0.07934477	0.05983888	0.10566409
ASV_205	0.082643	0.08967556	0.07450971	0.08374421
ASV_175	0.083111	0.08197833	0.10830424	0.05905159
ASV_193	0.082689	0.04001233	0.09904654	0.10900822
ASV_513	0.08088	0.07776298	0.08407660	0.08079935
ASV_197	0.078161	0.13170247	0.05600793	0.04677403
ASV_251	0.079539	0.06453016	0.07881197	0.09527395
ASV_194	0.077597	0.12667202	0.06050947	0.04561036
ASV_236	0.078721	0.07523838	0.09046492	0.07046096
ASV_1220	0.078218	0.08784003	0.06076208	0.08605214
ASV_211	0.076251	0.12737483	0.04039740	0.06097943
ASV_222	0.079201	0.06449321	0.11863230	0.05447863
ASV_246	0.079375	0.07079114	0.11848314	0.04885062
ASV_184	0.079762	0.06754348	0.14276007	0.02898376
ASV_189	0.07575	0.13188456	0.03442125	0.06094411
ASV_206	0.077287	0.08040883	0.07798104	0.07347108
ASV_201	0.075965	0.09382538	0.07055572	0.06351530
ASV_215	0.075527	0.04750844	0.03424015	0.14483309
ASV_208	0.075821	0.09396884	0.06893200	0.06456353
ASV_210	0.077415	0.07823126	0.09813705	0.05587584
ASV_235	0.075417	0.09380229	0.06734593	0.06510336
ASV_191	0.076589	0.02581056	0.10240284	0.10155274
ASV_234	0.074305	0.08512765	0.06445132	0.07333679
ASV_320	0.074196	0.13580562	0.05364018	0.03314107
ASV_220	0.075449	0.07038015	0.07331783	0.08264850
ASV_207	0.074752	0.09943399	0.07308101	0.05174059
ASV_212	0.075971	0.07580191	0.09621713	0.05589334
ASV_209	0.073888	0.09334705	0.06187560	0.06644173
ASV_249	0.075255	0.02744718	0.14785288	0.05046476
ASV_203	0.072967	0.06633477	0.07981969	0.07274517
ASV_230	0.072819	0.04393435	0.07796242	0.09656134
ASV_253	0.072563	0.06714644	0.08519986	0.06534342
ASV_214	0.07158	0.04010249	0.06370463	0.11093244
ASV_226	0.070543	0.06818079	0.05559158	0.08785803
ASV_231	0.071868	0.04988165	0.08338896	0.08233381
ASV_268	0.071105	0.07127215	0.07198442	0.07005795
ASV_359	0.071725	0.08697907	0.07779333	0.05040150
ASV_261	0.072261	0.04475809	0.11061202	0.06141205
ASV_218	0.069564	0.07260988	0.07827328	0.05780920
ASV_224	0.070421	0.07032371	0.05891158	0.08202757
ASV_313	0.071513	0.05787847	0.09697543	0.05968533
ASV_198	0.069456	0.06539404	0.05899589	0.08397683
ASV_247	0.07059	0.09002316	0.07542649	0.04631976
ASV_217	0.069579	0.02613589	0.08345926	0.09914078
ASV_240	0.068509	0.07375204	0.06457291	0.06720278
ASV_250	0.069875	0.05331500	0.09239177	0.06391848
ASV_199	0.067314	0.07089126	0.04689970	0.08415054
ASV_219	0.067928	0.08400018	0.06176624	0.05801750
ASV_272	0.06862	0.05238699	0.06298246	0.09049149
ASV_229	0.067816	0.07287345	0.06179006	0.06878347
ASV_287	0.06861	0.04886084	0.06772515	0.08924520
ASV_221	0.067088	0.10863617	0.02324956	0.06937834
ASV_223	0.067696	0.05003654	0.07883871	0.07421173
ASV_239	0.065612	0.10174718	0.04763555	0.04745466
ASV_252	0.070643	0.04086759	0.15222949	0.01883332
ASV_232	0.067629	0.01375852	0.10345449	0.08567498
ASV_241	0.066972	0.06770114	0.07444394	0.05877138
ASV_280	0.066692	0.05290497	0.08057976	0.06659067
ASV_263	0.066699	0.04622766	0.07815570	0.07571372
ASV_237	0.064335	0.11149132	0.03001202	0.05150029
ASV_271	0.067088	0.03894161	0.10385830	0.05846321
ASV_248	0.065251	0.05187243	0.07925472	0.06462505
ASV_242	0.06455	0.04592331	0.05469306	0.09303457
ASV_245	0.064134	0.03515288	0.06352755	0.09372143
ASV_285	0.064317	0.09027186	0.06315132	0.03952764
ASV_255	0.063058	0.07364799	0.04937154	0.06615374
ASV_260	0.064142	0.08398879	0.07381998	0.03461692
ASV_227	0.063194	0.08286374	0.05219176	0.05452768
ASV_265	0.062915	0.07168440	0.05739542	0.05966602
ASV_270	0.064771	0.05451074	0.08548202	0.05432024
ASV_243	0.063424	0.04864935	0.07256688	0.06905558
ASV_256	0.063551	0.06239173	0.06613166	0.06212886
ASV_609	0.064754	0.04998490	0.09791291	0.04636374
ASV_258	0.061734	0.08163146	0.04450542	0.05906382
ASV_257	0.062269	0.07085963	0.05475247	0.06119459
ASV_310	0.061377	0.08642367	0.05017917	0.04752917
ASV_277	0.061528	0.06578181	0.06328047	0.05552315
ASV_262	0.061457	0.03800886	0.09363105	0.05272985
ASV_319	0.061595	0.03533560	0.07388548	0.07556412
ASV_345	0.062268	0.05135756	0.10636473	0.02908100
ASV_278	0.059941	0.04385667	0.06168787	0.07427875
ASV_315	0.059271	0.09383108	0.04795954	0.03602302
ASV_282	0.059792	0.06013633	0.05646035	0.06277859
ASV_233	0.061128	0.06276379	0.08544817	0.03517068
ASV_286	0.059984	0.04537471	0.07462510	0.05995182
ASV_254	0.05837	0.07063722	0.05043884	0.05403288
ASV_317	0.058858	0.05698817	0.05910859	0.06047639
ASV_259	0.058207	0.04683788	0.05495024	0.07283238
ASV_274	0.057489	0.07924134	0.04156484	0.05166025
ASV_298	0.058642	0.04882918	0.07161420	0.05548173
ASV_1304	0.058741	0.05791191	0.06373436	0.05457771
ASV_244	0.05842	0.03351138	0.07173219	0.07001565
ASV_279	0.056269	0.10295117	0.02843611	0.03741917
ASV_283	0.056692	0.08958834	0.04617974	0.03430858
ASV_293	0.055709	0.06583120	0.03024968	0.07104661
ASV_375	0.057199	0.05003903	0.07243878	0.04912001
ASV_228	0.056324	0.04123833	0.07289878	0.05483559
ASV_300	0.056035	0.05579906	0.06813617	0.04416860
ASV_415	0.056176	0.04598760	0.06540768	0.05713276
ASV_264	0.054168	0.03811896	0.04169012	0.08269497
ASV_301	0.054759	0.05776975	0.06021720	0.04628887
ASV_357	0.054224	0.09228281	0.03744050	0.03294801
ASV_284	0.053653	0.06273036	0.04002157	0.05820769
ASV_290	0.054789	0.04680166	0.04812299	0.06944320
ASV_302	0.056191	0.03272900	0.08792091	0.04792273
ASV_306	0.054469	0.06233092	0.04684318	0.05423402
ASV_498	0.054861	0.05872745	0.06224136	0.04361420
ASV_523	0.054888	0.03772168	0.08289114	0.04405004
ASV_276	0.053337	0.06437996	0.04141426	0.05421617
ASV_288	0.054119	0.05698900	0.06801413	0.03735248
ASV_336	0.053001	0.06653709	0.04606578	0.04640066
ASV_419	0.054397	0.06082783	0.06525055	0.03711367
ASV_267	0.054296	0.03891176	0.06907369	0.05490362
ASV_275	0.053459	0.04795909	0.06351466	0.04890361
ASV_329	0.052807	0.05712939	0.04587022	0.05542113
ASV_346	0.053429	0.06046082	0.05343893	0.04638642
ASV_724	0.053806	0.04451253	0.07994876	0.03695752
ASV_318	0.052902	0.03273674	0.06760429	0.05836624
ASV_327	0.053056	0.02868220	0.07919305	0.05129358
ASV_350	0.051984	0.07400830	0.03305075	0.04889161
ASV_362	0.052399	0.03777809	0.05334253	0.06607647
ASV_281	0.051388	0.06396290	0.04051171	0.04968831
ASV_299	0.053105	0.03480079	0.07677206	0.04774224
ASV_269	0.05256	0.04403560	0.07261124	0.04103284
ASV_273	0.049531	0.07518680	0.02983830	0.04356646
ASV_307	0.05112	0.05513140	0.04325550	0.05497414
ASV_391	0.051827	0.04163253	0.04745487	0.06639332
ASV_501	0.05231	0.03649925	0.04084162	0.07958983
ASV_312	0.050809	0.04144952	0.05306631	0.05791142
ASV_364	0.051592	0.03808474	0.07038828	0.04630257
ASV_378	0.05164	0.03205992	0.08025766	0.04260295
ASV_384	0.051168	0.04425493	0.07333552	0.03591486
ASV_396	0.050366	0.05996253	0.04320968	0.04792469
ASV_554	0.050671	0.05083797	0.05389263	0.04728258
ASV_579	0.051214	0.04996394	0.05731830	0.04635965
ASV_292	0.050847	0.04254325	0.05936778	0.05062946
ASV_308	0.050384	0.04000458	0.05784931	0.05329700
ASV_355	0.049254	0.03846935	0.04854534	0.06074681
ASV_289	0.049106	0.04952924	0.04039624	0.05739376
ASV_303	0.048428	0.03442367	0.06421655	0.04664311
ASV_311	0.048328	0.06616235	0.04044953	0.03837279
ASV_314	0.04989	0.03846701	0.05790104	0.05330256
ASV_323	0.050281	0.02860099	0.08299702	0.03924587
ASV_305	0.048042	0.07303395	0.03774005	0.03335347
ASV_330	0.048728	0.05809303	0.03734062	0.05074982
ASV_341	0.04942	0.03054782	0.06201692	0.05569529
ASV_347	0.048502	0.07684061	0.04612396	0.02254092
ASV_360	0.048077	0.04622357	0.04251312	0.05549575
ASV_614	0.048272	0.03503831	0.03570169	0.07407705
ASV_295	0.048477	0.05127802	0.04765388	0.04649841
ASV_296	0.047825	0.05439956	0.03991493	0.04916180
ASV_325	0.047134	0.08224931	0.02601677	0.03313563
ASV_328	0.04849	0.07279611	0.04197843	0.03069523
ASV_332	0.047812	0.07015891	0.03440498	0.03887132
ASV_344	0.049292	0.04565217	0.06362541	0.03859966
ASV_369	0.047881	0.04229799	0.04724677	0.05409821
ASV_291	0.048775	0.02191883	0.07630995	0.04809536
ASV_326	0.048899	0.01816907	0.06854923	0.05997725
ASV_352	0.047841	0.04608205	0.04311053	0.05432938
ASV_377	0.048652	0.03978178	0.06116881	0.04500402
ASV_739	0.049467	0.03196326	0.08317182	0.03326624
ASV_294	0.04745	0.05610254	0.05004454	0.03620226
ASV_356	0.046364	0.05295529	0.04348146	0.04265488
ASV_444	0.048534	0.04074413	0.06621631	0.03864097
ASV_424	0.047639	0.04392810	0.05902206	0.03996807
ASV_361	0.04676	0.04770644	0.06182522	0.03074720
ASV_454	0.046518	0.04290744	0.04338382	0.05326414
ASV_304	0.047017	0.01493357	0.08251346	0.04360497
ASV_316	0.044792	0.06861947	0.02290462	0.04285100
ASV_340	0.045431	0.05789137	0.03600005	0.04240224
ASV_342	0.046977	0.02283155	0.06760511	0.05049505
ASV_334	0.044681	0.05742528	0.02571505	0.05090196
ASV_358	0.044443	0.05523045	0.03565065	0.04244723
ASV_321	0.045008	0.03184747	0.05026066	0.05291666
ASV_333	0.04494	0.02891003	0.03019181	0.07571676
ASV_398	0.045877	0.03118385	0.07046838	0.03597857
ASV_383	0.043676	0.05954368	0.03733649	0.03414647
ASV_385	0.044788	0.04316164	0.05033316	0.04086990
ASV_552	0.044883	0.03740133	0.04783740	0.04940887
ASV_297	0.04539	0.01082628	0.07462229	0.05072194
ASV_349	0.044278	0.03243826	0.05256003	0.04783565
ASV_400	0.045129	0.04985314	0.04424655	0.04128757
ASV_487	0.044011	0.05618017	0.03723224	0.03861920
ASV_370	0.043352	0.03403675	0.04089457	0.05512399
ASV_1527	0.044335	0.03454485	0.06650388	0.03195646
ASV_331	0.042734	0.05389903	0.03739005	0.03691271
ASV_339	0.042526	0.02532337	0.02658908	0.07566449
ASV_353	0.043452	0.04841402	0.04621946	0.03572170
ASV_371	0.043464	0.04601866	0.04201485	0.04235755
ASV_374	0.043154	0.05624245	0.03202214	0.04119627
ASV_480	0.043919	0.03825186	0.05626825	0.03723630
ASV_309	0.041473	0.05971168	0.02433518	0.04037310
ASV_324	0.042637	0.02822000	0.03864288	0.06104759
ASV_337	0.042714	0.04871270	0.03560718	0.04382255
ASV_460	0.04316	0.02864103	0.04615094	0.05468857
ASV_629	0.042774	0.04802927	0.04439252	0.03590070
ASV_343	0.043395	0.03212275	0.06349706	0.03456378
ASV_368	0.04285	0.03936222	0.05453557	0.03465355
ASV_387	0.041722	0.06499357	0.02857062	0.03160055
ASV_406	0.042156	0.04111285	0.04032367	0.04503005
ASV_427	0.042699	0.05639468	0.04771984	0.02398189
ASV_738	0.042325	0.04287124	0.04570923	0.03839548
ASV_1095	0.043595	0.01486327	0.07561654	0.04030548
ASV_338	0.041611	0.03905157	0.04324376	0.04253811
ASV_367	0.042099	0.04445318	0.04895597	0.03288752
ASV_422	0.042001	0.04826786	0.04302101	0.03471481
ASV_428	0.041554	0.03313981	0.03837341	0.05314984
ASV_390	0.042266	0.01993108	0.08159688	0.02527121
ASV_464	0.042006	0.02959345	0.05770580	0.03871956
ASV_1305	0.041514	0.03220263	0.05647564	0.03586227
ASV_354	0.039948	0.06970982	0.01304525	0.03708941
ASV_711	0.041067	0.03926254	0.03742551	0.04651313
ASV_348	0.040179	0.05950056	0.02146082	0.03957529
ASV_365	0.0413	0.01944610	0.06454133	0.03991351
ASV_506	0.040371	0.03911933	0.03872680	0.04326628
ASV_335	0.040251	0.02850187	0.04592271	0.04632967
ASV_382	0.041236	0.04759888	0.05082674	0.02528228
ASV_409	0.039289	0.05495825	0.02890167	0.03400727
ASV_436	0.041229	0.02411590	0.06332906	0.03624239
ASV_596	0.040909	0.02400245	0.05924729	0.03947594
ASV_379	0.04058	0.03915217	0.05464434	0.02794320
ASV_392	0.039926	0.04742436	0.04291761	0.02943597
ASV_403	0.038915	0.05738916	0.03307007	0.02628717
ASV_410	0.039144	0.04946403	0.04142413	0.02654385
ASV_482	0.039812	0.03383315	0.04032774	0.04527650
ASV_363	0.039332	0.02601344	0.03604946	0.05593305
ASV_388	0.039511	0.04043089	0.04780679	0.03029680
ASV_405	0.039317	0.04581068	0.04026018	0.03187885
ASV_425	0.039276	0.04530373	0.04303430	0.02948873
ASV_532	0.03934	0.03465045	0.04597238	0.03739615
ASV_533	0.039878	0.02230118	0.05232684	0.04500510
ASV_750	0.03961	0.03900776	0.03579602	0.04402545
ASV_1314	0.039303	0.02752367	0.03595026	0.05443649
ASV_381	0.039723	0.01073386	0.06219234	0.04624386
ASV_445	0.038755	0.03684089	0.03029523	0.04912864
ASV_491	0.03962	0.03494623	0.05315437	0.03075893
ASV_1142	0.038632	0.03407954	0.04628134	0.03553485
ASV_351	0.037863	0.05890715	0.03067267	0.02400894
ASV_395	0.037515	0.04534796	0.03929559	0.02790035
ASV_402	0.038556	0.03017134	0.04066738	0.04483020
ASV_404	0.037897	0.04625650	0.03145644	0.03597852
ASV_440	0.039631	0.06781574	0.04062488	0.01045199
ASV_462	0.039259	0.03820968	0.06361348	0.01595434
ASV_469	0.037927	0.06466658	0.01869454	0.03041840
ASV_590	0.039221	0.02193837	0.05156433	0.04416169
ASV_685	0.038723	0.04079303	0.04761202	0.02776498
ASV_689	0.038692	0.03104936	0.04363733	0.04138935
ASV_708	0.039116	0.02328840	0.05419544	0.03986423
ASV_755	0.038126	0.03980184	0.03459088	0.03998568
ASV_380	0.039096	0.01841136	0.06949820	0.02937703
ASV_389	0.038379	0.01568287	0.05297061	0.04648400
ASV_394	0.038134	0.02043995	0.03456143	0.05939947
ASV_417	0.037952	0.05144787	0.03421791	0.02819082
ASV_433	0.038095	0.03227226	0.03173235	0.05027902
ASV_434	0.038319	0.02455194	0.05062449	0.03978088
ASV_471	0.038222	0.02531667	0.03744437	0.05190372
ASV_1175	0.03814	0.02741484	0.05341461	0.03358929
ASV_366	0.037472	0.02915857	0.04322067	0.04003612
ASV_439	0.03816	0.03784007	0.04089809	0.03574035
ASV_446	0.035859	0.06249303	0.02012225	0.02496267
ASV_993	0.037178	0.06639871	0.02007632	0.02506009
ASV_386	0.037258	0.02969563	0.04596439	0.03611277
ASV_457	0.036875	0.02888348	0.02732281	0.05441907
ASV_414	0.03648	0.02936482	0.04278631	0.03728939
ASV_429	0.03499	0.069908293	0.008666149	0.026395174
ASV_530	0.036931	0.02363634	0.04865243	0.03850474
ASV_1165	0.036413	0.03384665	0.04767777	0.02771359
ASV_372	0.035905	0.04039901	0.02880969	0.03850607
ASV_399	0.036155	0.03117293	0.03181623	0.04547457
ASV_401	0.035526	0.03244507	0.02553672	0.04859593
ASV_411	0.036746	0.03342650	0.04622915	0.03058256
ASV_455	0.036304	0.03809429	0.03495624	0.03586011
ASV_541	0.036025	0.03324721	0.04190328	0.03292471
ASV_1031	0.036302	0.02635702	0.05600038	0.02654970
ASV_1140	0.036524	0.04307571	0.05079894	0.01569778
ASV_1533	0.03647	0.02392463	0.06010738	0.02537905
ASV_373	0.036475	0.008517546	0.069386947	0.031520883
ASV_431	0.034096	0.06709375	0.02209828	0.01309529
ASV_478	0.035569	0.03871952	0.03065531	0.03733356
ASV_486	0.036579	0.01981018	0.05930624	0.03062142
ASV_563	0.035363	0.04808579	0.02891554	0.02908669
ASV_774	0.035675	0.04924048	0.02866525	0.02911801
ASV_376	0.035401	0.03408230	0.03348461	0.03863525
ASV_393	0.036003	0.02357194	0.05508821	0.02934887
ASV_416	0.035281	0.03586409	0.03909318	0.03088471
ASV_473	0.034942	0.04541279	0.03168204	0.02773035
ASV_570	0.034489	0.02344197	0.02407069	0.05595492
ASV_589	0.035705	0.03408597	0.04225431	0.03077489
ASV_397	0.034707	0.02161694	0.04146336	0.04103938
ASV_421	0.035309	0.03511122	0.04566555	0.02514903
ASV_468	0.034398	0.03568803	0.03155851	0.03594701
ASV_535	0.036543	0.01035187	0.08871500	0.01056283
ASV_557	0.034784	0.02860604	0.03882513	0.03692137
ASV_566	0.034913	0.03730631	0.03054197	0.03689018
ASV_587	0.03523	0.03470820	0.04446602	0.02651717
ASV_717	0.035016	0.04120763	0.03872822	0.02511304
ASV_1231	0.034313	0.05457168	0.02448181	0.02388461
ASV_1354	0.034568	0.03238149	0.04198557	0.02933803
ASV_408	0.034676	0.03816835	0.03941902	0.02644113
ASV_426	0.035364	0.04292990	0.03800563	0.02515500
ASV_432	0.034369	0.03190071	0.03140904	0.03979851
ASV_508	0.034738	0.01453531	0.04464847	0.04503049
ASV_743	0.034852	0.03397711	0.04908405	0.02149386
ASV_1334	0.034231	0.01310231	0.04326981	0.04632173
ASV_507	0.033763	0.03262659	0.04479330	0.02386920
ASV_633	0.03369	0.02663281	0.03718777	0.03724833
ASV_870	0.032946	0.03202881	0.02720657	0.03960221
ASV_418	0.033503	0.02366970	0.05023498	0.02660493
ASV_423	0.03321	0.03379880	0.04590058	0.01992944
ASV_453	0.033098	0.02542906	0.04728921	0.02657521
ASV_465	0.03296	0.02714693	0.03584981	0.03588244
ASV_493	0.033597	0.02111834	0.05729629	0.02237778
ASV_1041	0.032991	0.03039126	0.04187440	0.02670834
ASV_407	0.032783	0.03470507	0.03440221	0.02924182
ASV_466	0.032187	0.03336029	0.02743559	0.03576366
ASV_485	0.032557	0.03267814	0.03736398	0.02763029
ASV_497	0.032896	0.02503967	0.04186701	0.03178205
ASV_505	0.032744	0.03679570	0.03207987	0.02935714
ASV_1460	0.033595	0.002663896	0.094020479	0.004099233
ASV_1497	0.031846	0.04204826	0.02007079	0.03341804
ASV_413	0.031273	0.03688000	0.01991725	0.03702206
ASV_430	0.031739	0.006589463	0.029178379	0.059449377
ASV_438	0.032376	0.03173837	0.03447563	0.03091379
ASV_511	0.032057	0.02686196	0.03476551	0.03454283
ASV_564	0.032726	0.02669961	0.04491200	0.02656491
ASV_611	0.03138	0.06346304	0.01175809	0.01891994
ASV_612	0.032992	0.01445474	0.06196102	0.02256161
ASV_616	0.032831	0.006954919	0.051871731	0.039666083
ASV_625	0.031653	0.04355303	0.02594920	0.02545672
ASV_435	0.031995	0.02908936	0.03340672	0.03348788
ASV_442	0.031859	0.01721840	0.04006382	0.03829596
ASV_688	0.031589	0.02961810	0.03870049	0.02644931
ASV_945	0.031844	0.008949641	0.042857491	0.043726186
ASV_1060	0.030775	0.04172904	0.02299338	0.02760235
ASV_463	0.031229	0.02904306	0.02737127	0.03727218
ASV_500	0.031037	0.03091872	0.03576118	0.02643077
ASV_520	0.031747	0.01704809	0.04707924	0.03111377
ASV_540	0.031624	0.03088653	0.03438887	0.02959759
ASV_816	0.031483	0.02675703	0.03708038	0.03061131
ASV_987	0.032267	0.009377015	0.061930520	0.025493243
ASV_1011	0.031313	0.02341569	0.05056076	0.01996279
ASV_1443	0.030421	0.03622292	0.02315925	0.03188147
ASV_1465	0.031292	0.03072236	0.04051457	0.02263951
ASV_470	0.031848	0.02532426	0.04913964	0.02108152
ASV_519	0.03077	0.02831968	0.03468245	0.02930655
ASV_521	0.031184	0.02244386	0.05233430	0.01877492
ASV_539	0.030942	0.01595233	0.03177994	0.04509242
ASV_556	0.03134	0.01208123	0.04456711	0.03737110
ASV_723	0.030637	0.02237964	0.02156889	0.04796178
ASV_748	0.030688	0.02597531	0.03596870	0.03011907
ASV_447	0.030353	0.044302344	0.037544630	0.009211128
ASV_459	0.03013	0.02324803	0.03145362	0.03568701
ASV_479	0.030494	0.02027137	0.03295287	0.03825674
ASV_481	0.030626	0.03420306	0.03135621	0.02631728
ASV_595	0.030427	0.02798139	0.02879215	0.03450703
ASV_883	0.030592	0.01237284	0.03011981	0.04928214
ASV_1030	0.030292	0.03115051	0.04093513	0.01879084
ASV_1215	0.030354	0.01165616	0.04895681	0.03044883
ASV_412	0.029691	0.03744608	0.03171292	0.01991348
ASV_420	0.03058	0.02313039	0.04333468	0.02527385
ASV_441	0.029684	0.02690249	0.03040264	0.03174738
ASV_450	0.029108	0.04309068	0.02046714	0.02376583
ASV_461	0.028981	0.03644030	0.02278527	0.02771722
ASV_499	0.028897	0.04131060	0.02431468	0.02106572
ASV_546	0.030305	0.03102259	0.03187415	0.02801954
ASV_594	0.02959	0.02932833	0.03277896	0.02666256
ASV_815	0.029053	0.064479344	0.017267910	0.005412603
ASV_443	0.029398	0.03423672	0.02741217	0.02654660
ASV_451	0.029353	0.03679102	0.02866846	0.02260034
ASV_516	0.029365	0.02589925	0.02724418	0.03495094
ASV_531	0.029213	0.05423027	0.02140864	0.01200096
ASV_550	0.028769	0.04591029	0.02585394	0.01454324
ASV_569	0.029682	0.02590934	0.04328447	0.01985363
ASV_584	0.030025	0.02827766	0.04328641	0.01851005
ASV_607	0.02963	0.02877449	0.02450419	0.03561125
ASV_608	0.029124	0.02869957	0.02569226	0.03298143
ASV_1013	0.029442	0.01857745	0.03913327	0.03061588
ASV_1395	0.029671	0.02130732	0.04787548	0.01983122
ASV_1487	0.029002	0.03403334	0.03438808	0.01858358
ASV_452	0.029729	0.01722539	0.05201557	0.01994689
ASV_475	0.029489	0.03049848	0.04346704	0.01450060
ASV_488	0.02898	0.02853136	0.04001641	0.01839190
ASV_496	0.029146	0.02219168	0.04005861	0.02518709
ASV_514	0.02907	0.04032373	0.03199603	0.01489139
ASV_559	0.028826	0.04004852	0.02765582	0.01877440
ASV_572	0.029799	0.008291554	0.050397105	0.030707061
ASV_638	0.029909	0.02069360	0.04927630	0.01975647
ASV_756	0.029265	0.009554412	0.042870132	0.035370743
ASV_969	0.028697	0.03483739	0.02434956	0.02690383
ASV_1166	0.028805	0.03620431	0.03032684	0.01988382
ASV_1309	0.028183	0.03416239	0.01865312	0.03173241
ASV_437	0.028482	0.02317470	0.03306254	0.02920942
ASV_448	0.028626	0.01998171	0.03286618	0.03303056
ASV_449	0.028105	0.02840558	0.02316892	0.03274021
ASV_456	0.028204	0.02715145	0.02161785	0.03584330
ASV_494	0.028807	0.009283768	0.038629140	0.038507695
ASV_504	0.028362	0.02955084	0.03017521	0.02535999
ASV_545	0.028616	0.03009830	0.03019640	0.02555249
ASV_553	0.029689	0.003995844	0.063947661	0.021124213
ASV_605	0.028234	0.04171561	0.02710972	0.01587685
ASV_1016	0.028224	0.02092331	0.03475297	0.02899561
ASV_1128	0.028535	0.02180910	0.03864525	0.02514957
ASV_1310	0.02824	0.02614940	0.03324790	0.02532211
ASV_467	0.027282	0.041646708	0.009934006	0.030264531
ASV_472	0.027895	0.02722705	0.02868002	0.02777864
ASV_484	0.028259	0.02423781	0.02703749	0.03350233
ASV_502	0.028016	0.02481828	0.03167385	0.02755504
ASV_517	0.028281	0.01876239	0.03439539	0.03168566
ASV_577	0.028465	0.02674692	0.04013084	0.01851669
ASV_600	0.028235	0.01760209	0.04062745	0.02647562
ASV_678	0.02814	0.01934809	0.03600198	0.02906906
ASV_737	0.027117	0.04043550	0.01854209	0.02237410
ASV_825	0.028201	0.01172590	0.03311301	0.03976547
ASV_849	0.0283	0.02044890	0.03651498	0.02793463
ASV_879	0.028577	0.01043234	0.04596905	0.02932981
ASV_1410	0.028192	0.02733634	0.03334169	0.02389697
ASV_1546	0.028176	0.01831996	0.04348852	0.02272076
ASV_518	0.027585	0.01838407	0.03017891	0.03419190
ASV_522	0.028421	0.016973211	0.059058300	0.009230677
ASV_582	0.027546	0.02756412	0.02855848	0.02651483
ASV_583	0.027509	0.03115842	0.03000744	0.02136177
ASV_588	0.027326	0.04211237	0.01871795	0.02114807
ASV_598	0.027565	0.02515836	0.02585554	0.03168167
ASV_603	0.028607	0.008860701	0.068989192	0.007972120
ASV_624	0.027507	0.02347374	0.02853540	0.03051187
ASV_706	0.028068	0.02010068	0.04037283	0.02373015
ASV_720	0.028493	0.01063271	0.04959099	0.02525628
ASV_809	0.027723	0.02410681	0.02591793	0.03314425
ASV_1050	0.027215	0.02483803	0.03690681	0.01989958
ASV_1082	0.027463	0.02892298	0.03627895	0.01718660
ASV_1531	0.027838	0.01402111	0.05089763	0.01859489
ASV_527	0.027081	0.02898381	0.02591191	0.02634730
ASV_548	0.027088	0.02602483	0.03163521	0.02360497
ASV_558	0.027218	0.01968396	0.02890666	0.03306407
ASV_565	0.027453	0.02145229	0.03301810	0.02788715
ASV_573	0.027047	0.03935239	0.02300125	0.01878785
ASV_642	0.028259	0.01055765	0.06094980	0.01326922
ASV_682	0.027636	0.01306436	0.04468089	0.02516299
ASV_686	0.027471	0.03042527	0.03615942	0.01582691
ASV_1034	0.026492	0.03481039	0.02609048	0.01857558
ASV_458	0.02683	0.003924742	0.040653431	0.035912453
ASV_483	0.026772	0.02713260	0.02904853	0.02413521
ASV_510	0.026755	0.02068205	0.03145078	0.02813239
ASV_529	0.026962	0.01997472	0.03180719	0.02910455
ASV_534	0.027029	0.01157496	0.03760447	0.03190854
ASV_575	0.026866	0.02267996	0.03034301	0.02757366
ASV_592	0.026548	0.02144201	0.02896433	0.02923896
ASV_924	0.02651	0.02466384	0.02570994	0.02915621
ASV_941	0.026271	0.03352757	0.02297913	0.02230593
ASV_1296	0.026042	0.02329617	0.02307151	0.03175934
ASV_489	0.025631	0.02388683	0.01993873	0.03306619
ASV_490	0.025948	0.03074648	0.02576620	0.02133209
ASV_492	0.026146	0.02854771	0.02323680	0.02665374
ASV_495	0.026498	0.01720876	0.03584116	0.02644347
ASV_509	0.026324	0.02914191	0.02729655	0.02253293
ASV_576	0.026188	0.02348018	0.02574323	0.02934005
ASV_591	0.025843	0.01258260	0.02677499	0.03817087
ASV_604	0.026256	0.01985723	0.02600384	0.03290717
ASV_925	0.026764	0.01744147	0.03605088	0.02680060
ASV_942	0.026377	0.01426907	0.03570626	0.02915557
ASV_1100	0.026379	0.01851278	0.04482728	0.01579636
ASV_1170	0.02432	0.058804445	0.011443143	0.002712189
ASV_1404	0.026399	0.01469700	0.04326222	0.02123717
ASV_476	0.026767	0.002658384	0.065674051	0.011968780
ASV_615	0.025789	0.02108691	0.02274895	0.03353057
ASV_646	0.025401	0.03244799	0.01875634	0.02499956
ASV_653	0.026002	0.02940485	0.03148920	0.01711336
ASV_679	0.025778	0.03921100	0.02208208	0.01604097
ASV_760	0.025603	0.02621830	0.01738293	0.03320649
ASV_880	0.026517	0.003860339	0.049164787	0.026525326
ASV_1018	0.025304	0.03079230	0.02912070	0.01599929
ASV_474	0.025664	0.023254085	0.044413242	0.009324465
ASV_571	0.026844	0.000000000	0.073826988	0.006704213
ASV_634	0.024502	0.03458537	0.01549395	0.02342799
ASV_681	0.025548	0.01177476	0.03558209	0.02928740
ASV_806	0.025728	0.01507935	0.03278489	0.02932118
ASV_923	0.025326	0.02772370	0.02569666	0.02255866
ASV_1177	0.024917	0.03168435	0.02161741	0.02144942
ASV_1444	0.024801	0.02045414	0.02735455	0.02659298
ASV_537	0.025613	0.032905304	0.034427057	0.009505347
ASV_561	0.024771	0.002911208	0.014269107	0.057133679
ASV_562	0.025139	0.02390415	0.03294044	0.01857364
ASV_574	0.024782	0.02633175	0.01999525	0.02801971
ASV_599	0.02539	0.01082711	0.03355180	0.03179009
ASV_643	0.024817	0.02058816	0.03028625	0.02357736
ASV_656	0.02458	0.03229588	0.01884614	0.02259782
ASV_675	0.024471	0.02582400	0.01848862	0.02910092
ASV_838	0.025385	0.02561488	0.02921399	0.02132746
ASV_1144	0.024207	0.02289486	0.02452601	0.02520147
ASV_503	0.024482	0.02180263	0.03030773	0.02133474
ASV_524	0.024517	0.01419961	0.02742100	0.03193076
ASV_538	0.024316	0.05203620	0.01301860	0.00789361
ASV_549	0.025038	0.01029261	0.04728873	0.01753405
ASV_581	0.024711	0.01978282	0.03299250	0.02135914
ASV_637	0.02517	0.02135683	0.04364729	0.01050692
ASV_663	0.025077	0.02141057	0.03646337	0.01735818
ASV_673	0.02462	0.00803873	0.02743010	0.03839199
ASV_712	0.024435	0.02875155	0.02465501	0.01989958
ASV_749	0.023814	0.03860503	0.01419545	0.01864244
ASV_767	0.024268	0.03022912	0.01722222	0.02535134
ASV_793	0.025194	0.010158129	0.061499216	0.003924151
ASV_1238	0.024468	0.01778524	0.03429783	0.02131965
ASV_1400	0.024427	0.02612805	0.02573452	0.02141859
ASV_528	0.023844	0.01786492	0.02293996	0.03072661
ASV_547	0.023725	0.03789915	0.02133781	0.01193694
ASV_555	0.02396	0.01927909	0.02743869	0.02516233
ASV_617	0.024704	0.01088049	0.04198391	0.02124729
ASV_630	0.023712	0.02638035	0.01706432	0.02769147
ASV_645	0.023431	0.03055023	0.01726315	0.02247902
ASV_650	0.023812	0.03028305	0.01712908	0.02402499
ASV_707	0.02467	0.01188244	0.04225214	0.01987653
ASV_718	0.024338	0.005321455	0.039603153	0.028088957
ASV_771	0.02429	0.01961093	0.03760161	0.01565880
ASV_790	0.024809	0.01325278	0.04921372	0.01195935
ASV_858	0.024086	0.01644961	0.02134278	0.03446540
ASV_896	0.024384	0.02279094	0.03302824	0.01733309
ASV_1143	0.02377	0.01704845	0.03028910	0.02397146
ASV_1164	0.024126	0.01371617	0.03609378	0.02256941
ASV_1263	0.023794	0.01269147	0.03875570	0.01993441
ASV_1275	0.023266	0.02050346	0.02275793	0.02653657
ASV_1287	0.023535	0.02477289	0.02455871	0.02127434
ASV_525	0.024065	0.01070731	0.04160397	0.01988499
ASV_543	0.02344	0.01814154	0.02303687	0.02914025
ASV_560	0.023087	0.02965420	0.01567813	0.02392933
ASV_578	0.023455	0.02376038	0.01890427	0.02770016
ASV_602	0.02501	0.001239526	0.073791128	0.000000000
ASV_628	0.023934	0.01455791	0.03331376	0.02392998
ASV_644	0.023321	0.01940330	0.02422274	0.02633678
ASV_647	0.023861	0.008361831	0.025995654	0.037225000
ASV_666	0.023949	0.01826553	0.02158069	0.03200178
ASV_669	0.023093	0.02817120	0.01856228	0.02254455
ASV_726	0.024064	0.005434912	0.053430562	0.013327614
ASV_791	0.022902	0.04575380	0.02032449	0.00262674
ASV_887	0.023874	0.02267398	0.02755369	0.02139582
ASV_1081	0.022893	0.03092725	0.02301268	0.01473888
ASV_1232	0.023229	0.02061508	0.03053425	0.01853756
ASV_1262	0.023341	0.02530986	0.03009453	0.01461922
ASV_1265	0.023253	0.01549399	0.03565439	0.01860927
ASV_1367	0.02327	0.007774881	0.043578297	0.018457780
ASV_477	0.02361	0.018633684	0.044302305	0.007893802
ASV_512	0.023468	0.007019684	0.031906186	0.031479624
ASV_544	0.023543	0.007924988	0.037336942	0.025368287
ASV_551	0.022731	0.02330845	0.01279862	0.03208612
ASV_585	0.023392	0.02383001	0.02923243	0.01711372
ASV_621	0.023451	0.024870276	0.036185323	0.009297907
ASV_714	0.023315	0.04029266	0.02023310	0.00942055
ASV_807	0.022822	0.02574877	0.02687305	0.01584517
ASV_841	0.023475	0.01451445	0.03331898	0.02259072
ASV_921	0.023309	0.043091331	0.017518324	0.009316684
ASV_1379	0.023003	0.01993595	0.03443264	0.01463901
ASV_1495	0.022943	0.01160095	0.03466420	0.02256445
ASV_567	0.022201	0.02288504	0.02018993	0.02352936
ASV_668	0.022475	0.049544748	0.008698851	0.009180577
ASV_672	0.022806	0.02212782	0.02917927	0.01711138
ASV_684	0.023536	0.005181725	0.050825389	0.014601483
ASV_691	0.022824	0.02399923	0.02731262	0.01716004
ASV_695	0.022708	0.02370066	0.02305959	0.02136458
ASV_696	0.0224	0.01974929	0.01856563	0.02888517
ASV_731	0.022014	0.02762552	0.01579173	0.02262490
ASV_763	0.022533	0.01540902	0.02158533	0.03060450
ASV_789	0.022761	0.01701547	0.03001325	0.02125443
ASV_863	0.022127	0.02036667	0.01428286	0.03173230
ASV_892	0.022608	0.02476251	0.02190222	0.02115935
ASV_1216	0.022213	0.02326666	0.02873506	0.01463615
ASV_1251	0.022104	0.02059285	0.02732700	0.01839356
ASV_1445	0.022219	0.02110668	0.02286797	0.02268364
ASV_1526	0.021942	0.005181725	0.010078905	0.050564234
ASV_1562	0.022676	0.01308926	0.03617573	0.01876412
ASV_1567	0.022893	0.003925567	0.043562025	0.021192885
ASV_526	0.022324	0.02223569	0.02884182	0.01589463
ASV_542	0.02202	0.02098422	0.01989280	0.02518326
ASV_580	0.021554	0.048025306	0.008616144	0.008019391
ASV_619	0.022421	0.01771680	0.02315066	0.02639687
ASV_632	0.021884	0.02711728	0.01731494	0.02121972
ASV_683	0.022657	0.007800507	0.038820994	0.021349061
ASV_701	0.022302	0.01559304	0.02593915	0.02537373
ASV_705	0.022099	0.02473722	0.02442808	0.01713278
ASV_722	0.022315	0.01181850	0.02452148	0.03060559
ASV_729	0.022551	0.02918811	0.02757609	0.01088824
ASV_736	0.022579	0.03388943	0.02172302	0.01212560
ASV_742	0.021929	0.02062151	0.01599022	0.02917606
ASV_984	0.022402	0.006252481	0.038686298	0.022267943
ASV_1035	0.023057	0.000000000	0.067863729	0.001306882
ASV_1063	0.021726	0.01940210	0.02474721	0.02102921
ASV_1281	0.021542	0.02476289	0.02127136	0.01859101
ASV_1328	0.02179	0.01624860	0.01446619	0.03465426
ASV_1347	0.022223	0.01294346	0.04037694	0.01334873
ASV_1560	0.02171	0.01932852	0.02440459	0.02139577
ASV_586	0.022075	0.01193076	0.03025916	0.02403469
ASV_593	0.022044	0.02142481	0.02332529	0.02138219
ASV_671	0.022013	0.02564583	0.02569684	0.01469575
ASV_740	0.020422	0.048650014	0.008619243	0.003996172
ASV_867	0.022065	0.01998088	0.02896239	0.01725176
ASV_871	0.021264	0.02128319	0.01733350	0.02517438
ASV_902	0.021979	0.01738350	0.02982398	0.01873075
ASV_1005	0.021281	0.02060544	0.02612908	0.01710957
ASV_1019	0.021145	0.01034599	0.01999028	0.03309743
ASV_1097	0.021518	0.01036896	0.02744299	0.02674235
ASV_1113	0.021655	0.01860603	0.02900787	0.01735135
ASV_1149	0.020655	0.02685577	0.02024693	0.01486152
ASV_1207	0.021592	0.01178092	0.03439582	0.01859968
ASV_1390	0.020858	0.03378979	0.01144921	0.01733574
ASV_1421	0.021715	0.01455323	0.03328890	0.01730340
ASV_1475	0.022065	0.01404488	0.03473968	0.01741077
ASV_623	0.021424	0.02364260	0.02319168	0.01743898
ASV_641	0.021335	0.01508802	0.02602062	0.02289785
ASV_658	0.021223	0.01793593	0.02443375	0.02129791
ASV_662	0.021373	0.02764320	0.02459446	0.01188035
ASV_680	0.021131	0.005327792	0.007344352	0.050720177
ASV_775	0.021567	0.02235888	0.03033986	0.01200183
ASV_833	0.021288	0.02408431	0.01579670	0.02398173
ASV_852	0.02055	0.03258278	0.01436091	0.01470583
ASV_904	0.021161	0.02733914	0.02162720	0.01451637
ASV_916	0.021283	0.01647611	0.03019484	0.01717809
ASV_920	0.022369	0.004243156	0.058716368	0.004148689
ASV_1033	0.021407	0.005380346	0.036260166	0.022581532
ASV_1298	0.020798	0.01472475	0.01870002	0.02896953
ASV_1340	0.020672	0.01677836	0.02013032	0.02510756
ASV_1348	0.020926	0.02092836	0.02708728	0.01476098
ASV_1437	0.020913	0.02055123	0.03026465	0.01192416
ASV_1499	0.020474	0.02346960	0.01294313	0.02501060
ASV_515	0.021263	0.009429931	0.028583642	0.025776165
ASV_536	0.020983	0.01409894	0.02893272	0.01991698
ASV_568	0.020654	0.01387680	0.02155178	0.02653294
ASV_620	0.02033	0.047326601	0.004340266	0.009321637
ASV_626	0.021199	0.003990332	0.030311858	0.029295428
ASV_627	0.021284	0.009377015	0.031655133	0.022821032
ASV_639	0.020869	0.02517344	0.02295925	0.01447340
ASV_640	0.020896	0.01395755	0.03142717	0.01730355
ASV_648	0.02091	0.01822294	0.02035018	0.02415829
ASV_692	0.021167	0.01371590	0.02187491	0.02791132
ASV_716	0.020974	0.01192001	0.02303868	0.02796448
ASV_805	0.020912	0.044777882	0.007283062	0.010673828
ASV_848	0.020845	0.01827098	0.02560389	0.01866122
ASV_917	0.021171	0.01208795	0.03310287	0.01832222
ASV_934	0.021329	0.01041112	0.02903187	0.02454447
ASV_1092	0.020716	0.01293410	0.03717029	0.01204483
ASV_1123	0.020511	0.02018997	0.02278520	0.01855880
ASV_1266	0.020539	0.01162925	0.02606237	0.02392514
ASV_1556	0.020413	0.01414166	0.02582496	0.02127329
ASV_597	0.020925	0.01113918	0.02628562	0.02535015
ASV_606	0.020082	0.03174139	0.01012483	0.01837942
ASV_649	0.020539	0.01060469	0.02985906	0.02115387
ASV_664	0.019858	0.02834594	0.01143799	0.01978872
ASV_665	0.021033	0.02270262	0.02585360	0.01454192
ASV_693	0.02068	0.02268933	0.02738234	0.01196942
ASV_719	0.0203	0.02044861	0.02724367	0.01320629
ASV_783	0.020509	0.02222640	0.02615275	0.01314810
ASV_802	0.020138	0.02354457	0.01836481	0.01850383
ASV_1115	0.020374	0.006615185	0.031718165	0.022787343
ASV_1157	0.01988	0.01971621	0.01858325	0.02133987
ASV_1260	0.02039	0.01772865	0.02891148	0.01453079
ASV_1270	0.020491	0.005359026	0.034749746	0.021365663
ASV_1399	0.020029	0.01313859	0.02313976	0.02381000
ASV_1506	0.019943	0.01997114	0.02134432	0.01851374
ASV_610	0.020598	0.00645836	0.03356347	0.02177287
ASV_651	0.020004	0.009121068	0.020361073	0.030530777
ASV_660	0.019454	0.01576119	0.02275914	0.01984288
ASV_698	0.019987	0.01142364	0.02444789	0.02408990
ASV_699	0.020471	0.01512364	0.03031504	0.01597325
ASV_700	0.018255	0.053299618	0.001464815	0.000000000
ASV_744	0.019844	0.01704119	0.02261716	0.01987435
ASV_751	0.019962	0.02081949	0.01615919	0.02290749
ASV_759	0.020191	0.004986408	0.031631482	0.023954530
ASV_798	0.020016	0.01966807	0.02584239	0.01453644
ASV_810	0.019536	0.02831352	0.01574452	0.01454957
ASV_842	0.019782	0.017680781	0.007288215	0.034378012
ASV_876	0.019801	0.02069987	0.02013071	0.01857263
ASV_885	0.020142	0.01774298	0.02013439	0.02254990
ASV_907	0.020044	0.01963646	0.02867584	0.01181845
ASV_1000	0.019634	0.01337653	0.02161591	0.02391071
ASV_1027	0.019294	0.02304738	0.02018134	0.01465408
ASV_1133	0.019918	0.01483204	0.02775839	0.01716398
ASV_1272	0.019575	0.01550437	0.02454567	0.01867585
ASV_1316	0.019546	0.02663199	0.01741867	0.01458605
ASV_1338	0.019042	0.02975903	0.01281495	0.01455086
ASV_1356	0.019825	0.009051978	0.030351014	0.020073502
ASV_670	0.019899	0.01911737	0.02723707	0.01334120
ASV_676	0.01979	0.01458859	0.02474400	0.02003600
ASV_721	0.019332	0.01523529	0.03093483	0.01182622
ASV_747	0.019118	0.02989774	0.01167235	0.01578323
ASV_778	0.019689	0.01344093	0.02713263	0.01849364
ASV_779	0.019161	0.03116657	0.01168977	0.01462672
ASV_847	0.019148	0.02545341	0.01870851	0.01328344
ASV_854	0.019405	0.01573185	0.01306872	0.02941392
ASV_918	0.020733	0.001455604	0.060744769	0.000000000
ASV_962	0.019397	0.01959070	0.01715423	0.02144659
ASV_1430	0.019147	0.006716696	0.024368398	0.026355119
ASV_652	0.019385	0.01082481	0.02869119	0.01863881
ASV_654	0.018928	0.02365022	0.01873725	0.01439739
ASV_677	0.019964	0.005574279	0.048934922	0.005383216
ASV_768	0.018799	0.02715430	0.02002453	0.00921891
ASV_772	0.019363	0.018190052	0.030544163	0.009355016
ASV_777	0.019303	0.01644493	0.01764982	0.02381572
ASV_788	0.019202	0.02084191	0.02609713	0.01066839
ASV_875	0.019151	0.01548379	0.02730804	0.01466226
ASV_958	0.01906	0.028530426	0.023290239	0.005358999
ASV_1087	0.019825	0.008109007	0.047417529	0.003947204
ASV_1222	0.019013	0.001326436	0.034447429	0.021266082
ASV_1355	0.018738	0.01442710	0.02453924	0.01724644
ASV_1388	0.018802	0.01204835	0.02581859	0.01853858
ASV_1423	0.018627	0.01432061	0.02297861	0.01858207
ASV_1440	0.018646	0.01867548	0.01882156	0.01844003
ASV_1478	0.018813	0.01443737	0.02864487	0.01335816
ASV_661	0.018488	0.01259970	0.02701677	0.01584831
ASV_752	0.018763	0.009214315	0.027172618	0.019902234
ASV_764	0.016856	0.043683957	0.002887250	0.003996172
ASV_769	0.018649	0.024725585	0.023194532	0.008025879
ASV_773	0.018333	0.01780659	0.02125084	0.01594190
ASV_785	0.018293	0.03264975	0.01023515	0.01199534
ASV_814	0.018371	0.02361375	0.01705877	0.01444152
ASV_837	0.018632	0.02525640	0.01737692	0.01326389
ASV_868	0.017679	0.040471922	0.007173785	0.005392533
ASV_950	0.018659	0.01188712	0.02429474	0.01979641
ASV_1038	0.018057	0.003903422	0.017173082	0.033095917
ASV_1044	0.018059	0.01511411	0.02431898	0.01474254
ASV_1070	0.018738	0.006529747	0.039191642	0.010493305
ASV_1090	0.018321	0.005305743	0.024437169	0.025219645
ASV_1105	0.018066	0.028997955	0.017091533	0.008108869
ASV_1118	0.018178	0.01603676	0.01715229	0.02134556
ASV_1174	0.018428	0.008292379	0.024511415	0.022480990
ASV_1384	0.018503	0.01732221	0.02751755	0.01066839
ASV_1453	0.018194	0.01033579	0.02299338	0.02125325
ASV_1458	0.018577	0.00681463	0.02874698	0.02017024
ASV_613	0.017788	0.01937640	0.01435634	0.01963177
ASV_636	0.018113	0.011111165	0.009992651	0.033234182
ASV_687	0.018138	0.01291140	0.01890290	0.02259984
ASV_690	0.018317	0.01707371	0.02324866	0.01462872
ASV_702	0.017254	0.05176213	0.00000000	0.00000000
ASV_713	0.018377	0.01430344	0.02879406	0.01203302
ASV_733	0.019231	0.004366812	0.053325070	0.000000000
ASV_735	0.018251	0.01206673	0.01019128	0.03249604
ASV_850	0.018562	0.00556408	0.03422100	0.01590144
ASV_851	0.018382	0.01450894	0.02459508	0.01604146
ASV_874	0.018	0.01403756	0.01859093	0.02137027
ASV_913	0.018094	0.006583951	0.017219338	0.030479135
ASV_955	0.018163	0.01080506	0.01296769	0.03071771
ASV_1160	0.018368	0.007941620	0.037619882	0.009541222
ASV_1230	0.017869	0.00569876	0.02153521	0.02637370
ASV_1244	0.017872	0.01504785	0.01872105	0.01984843
ASV_1288	0.01796	0.005240978	0.027438222	0.021201676
ASV_1294	0.018061	0.01216263	0.02478713	0.01723355
ASV_1330	0.018009	0.009035346	0.029149725	0.015843320
ASV_1375	0.017741	0.01772782	0.01580625	0.01968888
ASV_1377	0.017592	0.01458446	0.01441310	0.02377730
ASV_618	0.017479	0.02075593	0.01573135	0.01595004
ASV_622	0.01773	0.023498737	0.024397035	0.005294759
ASV_655	0.017948	0.017124797	0.027367904	0.009352521
ASV_703	0.017779	0.005434549	0.026809828	0.021093020
ASV_770	0.017131	0.030589836	0.011693318	0.009109078
ASV_800	0.017994	0.01325839	0.02741326	0.01331036
ASV_801	0.017508	0.01704284	0.01573949	0.01974163
ASV_829	0.01806	0.037577394	0.010077538	0.006524333
ASV_831	0.01809	0.02118925	0.02212114	0.01096011
ASV_845	0.017947	0.01189402	0.02585871	0.01608873
ASV_860	0.017577	0.01841006	0.01303762	0.02128295
ASV_890	0.01787	0.01209465	0.01451573	0.02699926
ASV_911	0.017772	0.00777396	0.02290050	0.02264031
ASV_914	0.017556	0.02474735	0.01302313	0.01489853
ASV_930	0.016974	0.032786991	0.010096836	0.008037498
ASV_954	0.017457	0.02202695	0.01717811	0.01316732
ASV_1029	0.017863	0.010378051	0.039285806	0.003926491
ASV_1110	0.017406	0.01409792	0.02601483	0.01210504
ASV_1150	0.017138	0.02379363	0.01428312	0.01333707
ASV_1210	0.017308	0.01844011	0.01895884	0.01452365
ASV_1261	0.017863	0.001331948	0.039040246	0.013217627
ASV_1352	0.017309	0.01010023	0.02322105	0.01860512
ASV_1366	0.017259	0.009047576	0.021619013	0.021110382
ASV_1374	0.017444	0.01607130	0.02031747	0.01594254
ASV_1382	0.016935	0.01677220	0.01165094	0.02238179
ASV_1419	0.016945	0.01814732	0.01142831	0.02125956
ASV_1462	0.017471	0.01778120	0.01878446	0.01584682
ASV_631	0.017497	0.005606338	0.022901977	0.023981217
ASV_657	0.017584	0.01200774	0.02467212	0.01607167
ASV_659	0.016854	0.009047576	0.007039019	0.034475075
ASV_709	0.016955	0.01543456	0.01149160	0.02393775
ASV_715	0.017121	0.009068337	0.017141133	0.025153102
ASV_727	0.016914	0.01942572	0.01560769	0.01570943
ASV_728	0.017121	0.01605614	0.01418028	0.02112634
ASV_757	0.017105	0.02092376	0.01439975	0.01599139
ASV_952	0.016743	0.032649659	0.005624322	0.011956518
ASV_1052	0.017102	0.02182022	0.01878943	0.01069660
ASV_1064	0.016815	0.01349458	0.01599469	0.02095589
ASV_1152	0.016433	0.02026057	0.01158449	0.01745521
ASV_1183	0.0169	0.01045449	0.02434899	0.01589656
ASV_1214	0.016579	0.01700233	0.01284152	0.01989426
ASV_1365	0.01684	0.01029215	0.02426318	0.01596480
ASV_1493	0.016698	0.01046909	0.01582276	0.02380266
ASV_1568	0.017676	0.004113988	0.044949926	0.003965467
ASV_1569	0.017129	0.008157698	0.025873987	0.017355656
ASV_635	0.01687	0.007757886	0.023062925	0.019790403
ASV_667	0.017082	0.01345196	0.02332627	0.01446820
ASV_674	0.016778	0.01945190	0.01752124	0.01336231
ASV_704	0.016965	0.01625411	0.01847088	0.01617059
ASV_730	0.016677	0.01844828	0.01163340	0.01994935
ASV_732	0.016959	0.009500671	0.018681884	0.022694918
ASV_745	0.016713	0.02784882	0.01013096	0.01215978
ASV_762	0.01667	0.020605900	0.020056785	0.009348565
ASV_803	0.016606	0.01024301	0.01147894	0.02809474
ASV_804	0.016983	0.01066992	0.01901709	0.02126105
ASV_813	0.016877	0.01436700	0.02163546	0.01462857
ASV_821	0.016316	0.027831665	0.014471619	0.006643471
ASV_873	0.016828	0.01420164	0.02301939	0.01326272
ASV_901	0.01652	0.02184441	0.01288035	0.01483480
ASV_919	0.017293	0.005234545	0.033374211	0.013269733
ASV_927	0.017432	0.014061417	0.032864364	0.005370773
ASV_949	0.016978	0.01620663	0.02020799	0.01451902
ASV_976	0.016814	0.019387035	0.022999389	0.008055265
ASV_1078	0.016008	0.024266057	0.017158759	0.006600502
ASV_1108	0.015885	0.02740961	0.00579683	0.01444934
ASV_1132	0.016192	0.01808761	0.01586037	0.01462752
ASV_1468	0.016589	0.01633193	0.01751648	0.01591784
ASV_1521	0.016013	0.02976168	0.01560930	0.00266688
ASV_741	0.016018	0.000000000	0.002966858	0.045087428
ASV_746	0.016322	0.01432796	0.01861990	0.01601871
ASV_786	0.016393	0.01447110	0.01868802	0.01602090
ASV_808	0.017259	0.004366812	0.047410766	0.000000000
ASV_817	0.016359	0.02458599	0.01275927	0.01173283
ASV_818	0.016537	0.01175429	0.02599055	0.01186572
ASV_900	0.016214	0.02191761	0.01458193	0.01214386
ASV_943	0.016108	0.02198672	0.01447987	0.01185613
ASV_951	0.016591	0.01186672	0.02199976	0.01590655
ASV_970	0.016185	0.01972806	0.01436097	0.01446457
ASV_995	0.016895	0.001455604	0.033246276	0.015983574
ASV_1079	0.01594	0.01034131	0.02162474	0.01585396
ASV_1176	0.016197	0.01079863	0.02168436	0.01610933
ASV_1255	0.01594	0.01290699	0.02030431	0.01460910
ASV_1277	0.016016	0.01037290	0.02438742	0.01328864
ASV_1282	0.015747	0.01182374	0.01704844	0.01836902
ASV_1292	0.016241	0.004243156	0.024607162	0.019872315
ASV_1412	0.015919	0.01436084	0.01883124	0.01456534
ASV_1509	0.015808	0.004027078	0.019821316	0.023575468
ASV_1512	0.016043	0.01446668	0.02031541	0.01334624
ASV_1518	0.015825	0.023765893	0.014378971	0.009330266
ASV_754	0.015741	0.025081019	0.014194999	0.007945562
ASV_761	0.015952	0.006598552	0.018501459	0.022755147
ASV_766	0.016229	0.00000000	0.02868628	0.02000216
ASV_781	0.015796	0.01172167	0.01854241	0.01712436
ASV_796	0.016075	0.005434912	0.022680903	0.020110625
ASV_812	0.015821	0.01441211	0.01716082	0.01589064
ASV_819	0.015587	0.02188491	0.01139760	0.01347911
ASV_826	0.016018	0.00269513	0.01902284	0.02633693
ASV_828	0.015749	0.02059496	0.01614739	0.01050402
ASV_886	0.015828	0.01706939	0.01718166	0.01323269
ASV_910	0.016077	0.006529747	0.023178267	0.018522618
ASV_1072	0.015393	0.01286465	0.01738293	0.01593191
ASV_1093	0.015822	0.009807236	0.021715333	0.015943552
ASV_1130	0.014749	0.017805655	0.004247367	0.022193857
ASV_1233	0.015619	0.01208795	0.01605637	0.01871349
ASV_1274	0.015045	0.01388653	0.01147527	0.01977231
ASV_1313	0.015333	0.01169962	0.01558472	0.01871403
ASV_1414	0.015373	0.01433081	0.01458721	0.01719981
ASV_1431	0.015974	0.004027078	0.029146805	0.014749357
ASV_1436	0.015839	0.006474071	0.030552826	0.010489800
ASV_710	0.015441	0.01821678	0.01869808	0.00940862
ASV_758	0.014944	0.024415517	0.009940652	0.010474887
ASV_792	0.015636	0.01911899	0.02778911	0.00000000
ASV_797	0.015536	0.01315651	0.02018786	0.01326425
ASV_830	0.015808	0.01789814	0.02157741	0.00794971
ASV_836	0.015349	0.01160693	0.01735848	0.01708237
ASV_840	0.015169	0.01156953	0.01287222	0.02106507
ASV_894	0.01518	0.01642234	0.01578863	0.01332878
ASV_928	0.015247	0.01813576	0.01440291	0.01320146
ASV_961	0.015387	0.01340383	0.01163977	0.02111865
ASV_1045	0.015349	0.005482682	0.026012629	0.014552707
ASV_1054	0.014802	0.01941469	0.01438498	0.01060580
ASV_1117	0.015232	0.01361383	0.01882156	0.01325989
ASV_1124	0.015088	0.009250599	0.020063813	0.015948517
ASV_1131	0.015336	0.009199156	0.024737588	0.012071507
ASV_1189	0.01506	0.015581458	0.024238283	0.005358999
ASV_1199	0.015109	0.01600745	0.01447832	0.01484013
ASV_1200	0.015093	0.01331728	0.01728527	0.01467682
ASV_1226	0.015202	0.01207224	0.02298513	0.01054925
ASV_1373	0.015334	0.01379638	0.02026071	0.01194573
ASV_1380	0.015073	0.01069711	0.02004039	0.01448069
ASV_1488	0.015001	0.01323588	0.01456561	0.01720033
ASV_697	0.014794	0.01555435	0.01151147	0.01731665
ASV_725	0.014118	0.029716565	0.008687626	0.003950709
ASV_734	0.01523	0.01768878	0.01733906	0.01066205
ASV_753	0.014881	0.01533240	0.01719307	0.01211851
ASV_827	0.015057	0.018180589	0.021661907	0.005329458
ASV_853	0.014989	0.01455158	0.01579767	0.01461645
ASV_866	0.01472	0.01529427	0.01155340	0.01731250
ASV_884	0.015231	0.014627083	0.021663125	0.009402169
ASV_908	0.01445	0.01889095	0.01017174	0.01428635
ASV_909	0.015622	0.01196548	0.03490121	0.00000000
ASV_931	0.014913	0.01036207	0.01158449	0.02279213
ASV_946	0.015038	0.00547717	0.01985718	0.01977891
ASV_968	0.014644	0.020771441	0.009921564	0.013239825
ASV_973	0.015063	0.008950193	0.025696900	0.010540458
ASV_1002	0.015	0.003978945	0.038431534	0.002590711
ASV_1022	0.01458	0.01485419	0.01570665	0.01317845
ASV_1028	0.014652	0.00539026	0.02135715	0.01720763
ASV_1039	0.015027	0.005305381	0.031678628	0.008098233
ASV_1040	0.015079	0.01018923	0.01781529	0.01723293
ASV_1042	0.013849	0.026572584	0.005718828	0.009256592
ASV_1048	0.014569	0.02138918	0.01165094	0.01066605
ASV_1057	0.014639	0.01156889	0.02168990	0.01065677
ASV_1073	0.014842	0.00651836	0.02725850	0.01074919
ASV_1077	0.014894	0.003903422	0.024750880	0.016026852
ASV_1125	0.014632	0.018312776	0.021636538	0.003946561
ASV_1195	0.01456	0.005202486	0.018614987	0.019861619
ASV_1236	0.014441	0.01680969	0.01446458	0.01204894
ASV_1246	0.014652	0.02047512	0.01300751	0.01047452
ASV_1319	0.014933	0.01127304	0.01887083	0.01465626
ASV_1323	0.014919	0.009337971	0.027449059	0.007969780
ASV_1327	0.014486	0.01176990	0.01723681	0.01445200
ASV_1333	0.014562	0.015560691	0.020339931	0.007785109
ASV_1351	0.014407	0.01189842	0.01148031	0.01984364
ASV_1386	0.01463	0.01053441	0.02145018	0.01190639
ASV_1474	0.014593	0.01745259	0.01579916	0.01052800
ASV_1476	0.01454	0.01080496	0.01295996	0.01985428
ASV_1489	0.014545	0.018562023	0.017169983	0.007903237
ASV_1529	0.015466	0.005445936	0.036979542	0.003973607
ASV_1555	0.014415	0.008764524	0.007276417	0.027205501
ASV_811	0.014267	0.020300241	0.018505072	0.003996172
ASV_834	0.014488	0.015581363	0.018569574	0.009312691
ASV_864	0.014758	0.008022923	0.021660929	0.014591039
ASV_865	0.014564	0.009240684	0.020029558	0.014420439
ASV_881	0.014445	0.019809628	0.014328601	0.009195894
ASV_932	0.014754	0.01062766	0.02036960	0.01326559
ASV_960	0.014942	0.006954919	0.027302889	0.010569474
ASV_985	0.014793	0.010400558	0.027289776	0.006688291
ASV_1001	0.014171	0.01470205	0.01725487	0.01055703
ASV_1023	0.013835	0.021971469	0.014294210	0.005240504
ASV_1071	0.01392	0.01324204	0.01003870	0.01847965
ASV_1083	0.013799	0.015364459	0.008677948	0.017355192
ASV_1085	0.013836	0.021834302	0.013030013	0.006642828
ASV_1103	0.014373	0.023779445	0.010087091	0.009252599
ASV_1107	0.014092	0.01594268	0.01440169	0.01193230
ASV_1197	0.013911	0.020614254	0.013178923	0.007939074
ASV_1286	0.014121	0.007725542	0.022718645	0.011918681
ASV_1363	0.013945	0.005196974	0.011215364	0.025423184
ASV_1389	0.014234	0.01513338	0.01434614	0.01322142
ASV_1441	0.014297	0.015776580	0.021805134	0.005309388
ASV_1473	0.01385	0.022257106	0.011397216	0.007896106
ASV_1510	0.013981	0.01160803	0.01581942	0.01451652
ASV_1557	0.013832	0.006652578	0.007196808	0.027646268
ASV_765	0.013747	0.020715050	0.008628922	0.011896400
ASV_776	0.013886	0.01568674	0.01421956	0.01175058
ASV_782	0.014079	0.01047599	0.01717353	0.01458721
ASV_784	0.014189	0.01212001	0.01449619	0.01594952
ASV_794	0.013961	0.006199945	0.015819031	0.019863104
ASV_820	0.014063	0.01039560	0.02002614	0.01176843
ASV_839	0.014286	0.016415988	0.017297065	0.009143942
ASV_843	0.012999	0.037494280	0.001502043	0.000000000
ASV_856	0.014311	0.01481514	0.01741242	0.01070607
ASV_869	0.013918	0.018112125	0.015680718	0.007960345
ASV_872	0.013568	0.016294927	0.008627316	0.015781601
ASV_899	0.013955	0.01221748	0.00701147	0.02263504
ASV_944	0.014305	0.006696582	0.022944931	0.013273359
ASV_959	0.014247	0.009034521	0.020200639	0.013504348
ASV_966	0.014315	0.01493522	0.01603004	0.01197926
ASV_967	0.014071	0.01053993	0.01580581	0.01586702
ASV_1053	0.013328	0.02988158	0.01010186	0.00000000
ASV_1098	0.013905	0.002479052	0.023254229	0.015980901
ASV_1119	0.014028	0.01380143	0.02295874	0.00532531
ASV_1146	0.013772	0.004980248	0.022899982	0.013435832
ASV_1159	0.013799	0.002588106	0.021410001	0.017398352
ASV_1173	0.013711	0.005348002	0.015941086	0.019844166
ASV_1206	0.013837	0.007856183	0.021857963	0.011796039
ASV_1224	0.013851	0.006555469	0.024411883	0.010586527
ASV_1237	0.013634	0.008140241	0.012835849	0.019927281
ASV_1303	0.013936	0.002717275	0.021732285	0.017359778
ASV_1325	0.013785	0.01459152	0.01607378	0.01068910
ASV_1405	0.013601	0.024217700	0.008646852	0.007939074
ASV_1408	0.014016	0.008076301	0.021928281	0.012044795
ASV_1515	0.013593	0.01713884	0.01172441	0.01191653
ASV_1542	0.01369	0.003903422	0.020032657	0.017132461
ASV_832	0.013683	0.01734583	0.01156766	0.01213689
ASV_846	0.013485	0.01305168	0.01550821	0.01189643
ASV_888	0.013728	0.01313299	0.01462271	0.01342769
ASV_893	0.013146	0.028750885	0.002878998	0.007808162
ASV_936	0.013696	0.009166545	0.015939593	0.015982719
ASV_972	0.013788	0.010611029	0.021394894	0.009356669
ASV_988	0.01376	0.008000511	0.020079742	0.013200207
ASV_998	0.014008	0.006674438	0.027379464	0.007968615
ASV_999	0.013928	0.006938286	0.018803245	0.016042620
ASV_1059	0.012832	0.021686678	0.011532496	0.005275853
ASV_1080	0.013088	0.008804126	0.014470013	0.015988861
ASV_1099	0.012952	0.000000000	0.004316204	0.034539189
ASV_1101	0.0133	0.002663071	0.014618422	0.022619221
ASV_1122	0.013468	0.013667575	0.017539114	0.009197701
ASV_1178	0.013492	0.013738315	0.018714921	0.008023229
ASV_1192	0.013125	0.01184450	0.01294816	0.01458141
ASV_1252	0.012978	0.020761515	0.012897652	0.005275853
ASV_1253	0.013177	0.012761104	0.017558471	0.009210485
ASV_1324	0.013175	0.011995530	0.008770333	0.018759644
ASV_1326	0.013234	0.018774240	0.014286519	0.006640332
ASV_1387	0.013213	0.013024312	0.020045099	0.006569154
ASV_1393	0.013379	0.009779217	0.018424950	0.011934108
ASV_1398	0.012915	0.023587749	0.007159067	0.007997513
ASV_1471	0.013129	0.01321731	0.01439188	0.01177879
ASV_1534	0.013255	0.01194573	0.01579303	0.01202537
ASV_694	0.012884	0.017794820	0.012961324	0.007896106
ASV_787	0.013139	0.006448082	0.017256416	0.015712408
ASV_795	0.012965	0.010921406	0.025336356	0.002636174
ASV_799	0.012835	0.023327844	0.008454808	0.006721825
ASV_824	0.014019	0.00683595	0.03522245	0.00000000
ASV_835	0.01331	0.01219415	0.01570872	0.01202653
ASV_844	0.012952	0.007791418	0.008622276	0.022443301
ASV_855	0.012716	0.021943741	0.005634515	0.010570117
ASV_898	0.012956	0.01694070	0.01142218	0.01050458
ASV_912	0.01342	0.005359026	0.020169543	0.014731590
ASV_926	0.013525	0.010820769	0.020143988	0.009610748
ASV_947	0.013368	0.00000000	0.00000000	0.04010399
ASV_986	0.012639	0.008630953	0.007116686	0.022169518
ASV_1026	0.012565	0.015160522	0.015895271	0.006640642
ASV_1076	0.012692	0.01582463	0.01157785	0.01067238
ASV_1084	0.012485	0.01253429	0.01157648	0.01334470
ASV_1141	0.012491	0.016836048	0.011413928	0.009221893
ASV_1167	0.012797	0.008145753	0.015775098	0.014470050
ASV_1172	0.012592	0.01018338	0.01426040	0.01333161
ASV_1204	0.012609	0.01282156	0.01285023	0.01215450
ASV_1243	0.012537	0.01293354	0.01008548	0.01459073
ASV_1273	0.012485	0.007546858	0.008650399	0.021257397
ASV_1322	0.01276	0.00525669	0.01290738	0.02011598
ASV_1331	0.012635	0.01147307	0.01172441	0.01470854
ASV_1335	0.01291	0.006653403	0.021547991	0.010528775
ASV_1371	0.01321	0.001455604	0.022078983	0.016096911
ASV_1442	0.012709	0.008868244	0.018665960	0.010593537
ASV_1452	0.012563	0.01017694	0.01159417	0.01591897
ASV_1470	0.01277	0.01459906	0.01714605	0.00656383
ASV_1481	0.012556	0.009067512	0.007510214	0.021089420
ASV_1523	0.012599	0.01159186	0.01161886	0.01458620
ASV_1570	0.013231	0.00126167	0.03843019	0.00000000
ASV_780	0.012729	0.01181702	0.01291564	0.01345425
ASV_822	0.01275	0.006513673	0.017145533	0.014590197
ASV_857	0.012637	0.01167712	0.01164578	0.01458854
ASV_933	0.012763	0.002539415	0.019781450	0.015967944
ASV_940	0.012627	0.01153654	0.01296919	0.01337424
ASV_956	0.01236	0.015417927	0.008521764	0.013140603
ASV_971	0.012667	0.007649479	0.017303322	0.013048629
ASV_1004	0.012305	0.009268056	0.011647779	0.015997844
ASV_1037	0.012429	0.00000000	0.01875130	0.01853664
ASV_1049	0.012162	0.01150431	0.01311060	0.01186971
ASV_1066	0.011713	0.025262507	0.007213133	0.002662732
ASV_1086	0.012509	0.005046682	0.021658808	0.010821058
ASV_1106	0.012203	0.01071254	0.01270302	0.01319316
ASV_1111	0.012062	0.021210208	0.005725473	0.009251801
ASV_1147	0.012308	0.007924163	0.014402078	0.014599180
ASV_1198	0.012386	0.01209235	0.01460651	0.01045792
ASV_1211	0.011911	0.016474355	0.011408888	0.007850642
ASV_1267	0.012241	0.017116334	0.012925829	0.006681803
ASV_1302	0.012386	0.009246197	0.017359446	0.010551552
ASV_1336	0.012275	0.011581479	0.015866504	0.009375729
ASV_1385	0.012337	0.010404040	0.017389965	0.009217616
ASV_1403	0.012442	0.01082546	0.01573490	0.01076511
ASV_1446	0.012259	0.005099865	0.017437349	0.014240283
ASV_1496	0.012629	0.008104320	0.023120465	0.006663386
ASV_1508	0.012363	0.015888390	0.015867722	0.005333605
ASV_1543	0.01239	0.006707607	0.017106574	0.013355824
ASV_1549	0.012288	0.007520311	0.019940397	0.009402169
ASV_823	0.011496	0.018672201	0.002878998	0.012936990
ASV_891	0.012209	0.017097141	0.014274996	0.005253443
ASV_895	0.012263	0.003978945	0.011616683	0.021192885
ASV_935	0.011922	0.022182667	0.002753911	0.010830492
ASV_964	0.011723	0.022950468	0.005655418	0.006563830
ASV_978	0.012332	0.009085147	0.015920236	0.011990052
ASV_989	0.011989	0.027596092	0.004325883	0.004045629
ASV_994	0.012776	0.007978366	0.023701474	0.006647130
ASV_1008	0.012135	0.009618815	0.017399643	0.009386210
ASV_1012	0.011414	0.018158534	0.004345419	0.011738801
ASV_1015	0.01211	0.009678068	0.014538575	0.012112668
ASV_1017	0.011681	0.011473445	0.007261645	0.016307180
ASV_1024	0.011557	0.012653903	0.012813004	0.009205328
ASV_1043	0.012262	0.004237644	0.025826849	0.006721825
ASV_1062	0.011743	0.012840009	0.014448596	0.007939074
ASV_1074	0.011365	0.027344652	0.002799390	0.003950709
ASV_1088	0.011693	0.006101453	0.016985033	0.011993641
ASV_1112	0.011838	0.008163211	0.010148895	0.017201015
ASV_1114	0.011688	0.007822651	0.012850746	0.014389200
ASV_1127	0.011963	0.009163689	0.017488482	0.009235879
ASV_1168	0.011777	0.016124120	0.007172358	0.012034314
ASV_1194	0.011824	0.010323848	0.015984946	0.009164655
ASV_1212	0.011577	0.011553459	0.009936336	0.013242128
ASV_1239	0.011791	0.008361831	0.005836177	0.021174622
ASV_1248	0.011929	0.012218308	0.014299111	0.009268521
ASV_1256	0.01171	0.013785022	0.016061522	0.005282984
ASV_1299	0.011939	0.01072917	0.01442575	0.01066190
ASV_1397	0.012095	0.020874397	0.010076898	0.005332441
ASV_1417	0.011549	0.01997922	0.00000000	0.01466784
ASV_1428	0.01186	0.005110064	0.020124190	0.010346279
ASV_1450	0.011939	0.007968815	0.014442255	0.013406445
ASV_1485	0.011862	0.014362313	0.015866116	0.005356658
ASV_1491	0.011241	0.025638162	0.002838224	0.005246992
ASV_1516	0.011785	0.01043290	0.01564039	0.00928315
ASV_1550	0.011766	0.010674969	0.007331574	0.017291787
ASV_1565	0.011845	0.001331948	0.014304151	0.019899585
ASV_859	0.01168	0.014323917	0.004345419	0.016370373
ASV_878	0.012121	0.005251177	0.023116865	0.007996183
ASV_889	0.012095	0.006825750	0.021426325	0.008032855
ASV_897	0.011723	0.011963186	0.009887435	0.013317004
ASV_965	0.011873	0.01075683	0.01025960	0.01460317
ASV_975	0.011776	0.01181942	0.01282147	0.01068600
ASV_982	0.011587	0.013887358	0.013049310	0.007823441
ASV_990	0.01179	0.00365446	0.01732331	0.01439255
ASV_996	0.011743	0.020252351	0.001502043	0.013473154
ASV_1007	0.011493	0.010513094	0.014595804	0.009371093
ASV_1014	0.011286	0.009159002	0.012757846	0.011940037
ASV_1020	0.01119	0.008878158	0.009956851	0.014734240
ASV_1032	0.011351	0.007829084	0.009974781	0.016249583
ASV_1094	0.011606	0.001455604	0.020167602	0.013194857
ASV_1102	0.011618	0.010976484	0.014474330	0.009404473
ASV_1129	0.011352	0.011288512	0.014820885	0.007948057
ASV_1145	0.011275	0.007618156	0.015695549	0.010509870
ASV_1258	0.011446	0.009311787	0.014502440	0.010523856
ASV_1276	0.011077	0.006339391	0.005663156	0.021229675
ASV_1317	0.011395	0.007882367	0.013023755	0.013279167
ASV_1350	0.011173	0.011361898	0.015603051	0.006555535
ASV_1425	0.011203	0.01165616	0.01132103	0.01063236
ASV_1502	0.011552	0.009360116	0.017251323	0.008045794
ASV_1532	0.011459	0.00650613	0.01723029	0.01064081
ASV_862	0.011314	0.013198868	0.012738884	0.008003314
ASV_877	0.011386	0.004980248	0.019949820	0.009227088
ASV_882	0.01129	0.021136064	0.010114126	0.002620252
ASV_937	0.011262	0.013079056	0.012686311	0.008019236
ASV_939	0.011262	0.006069394	0.015801728	0.011913883
ASV_953	0.01168	0.005575104	0.018751813	0.010713317
ASV_977	0.0114	0.006561806	0.014541674	0.013095139
ASV_980	0.010922	0.015333784	0.006930256	0.010501445
ASV_997	0.011461	0.010464961	0.017282419	0.006636982
ASV_1009	0.011084	0.005628483	0.015673219	0.011950518
ASV_1047	0.010839	0.012722797	0.014381878	0.005412603
ASV_1061	0.010995	0.004172879	0.011550240	0.017261603
ASV_1096	0.011189	0.001207467	0.022924881	0.009435821
ASV_1138	0.01122	0.002571474	0.023203696	0.007885470
ASV_1155	0.010392	0.017634151	0.004169699	0.009371581
ASV_1158	0.011071	0.005574279	0.012951772	0.014686281
ASV_1184	0.01079	0.012982517	0.010230623	0.009156881
ASV_1190	0.010926	0.014492039	0.010311210	0.007975103
ASV_1217	0.009916	0.02974862	0.00000000	0.00000000
ASV_1240	0.010994	0.014730625	0.012868742	0.005383216
ASV_1307	0.010845	0.007524998	0.014239500	0.010769106
ASV_1369	0.011044	0.003778941	0.020112265	0.009240181
ASV_1407	0.010967	0.011855064	0.014449349	0.006597364
ASV_1432	0.011078	0.006274625	0.019088063	0.007870712
ASV_1494	0.011202	0.008168723	0.017444608	0.007992190
ASV_1500	0.011068	0.009310962	0.017249591	0.006642828
ASV_1501	0.011062	0.011617940	0.017468670	0.004099233
ASV_1504	0.011024	0.009436268	0.014442255	0.009194196
ASV_1507	0.010818	0.006474896	0.010119680	0.015859922
ASV_1536	0.010492	0.016364290	0.007265132	0.007847137
ASV_903	0.010863	0.013186365	0.012855451	0.006547386
ASV_906	0.010646	0.012575524	0.010106902	0.009256746
ASV_915	0.010864	0.008890388	0.014438917	0.009263235
ASV_922	0.010996	0.01107911	0.01012793	0.01178229
ASV_929	0.010923	0.009327309	0.010272376	0.013169097
ASV_1036	0.011093	0.00000000	0.03327835	0.00000000
ASV_1067	0.010285	0.015722014	0.008532475	0.006600347
ASV_1068	0.010531	0.007791418	0.014529935	0.009270211
ASV_1069	0.010153	0.013795957	0.008642087	0.008021576
ASV_1091	0.010612	0.001326436	0.016960826	0.013549169
ASV_1116	0.010273	0.009441780	0.005781019	0.015596860
ASV_1134	0.01051	0.009111979	0.015804313	0.006614084
ASV_1137	0.010613	0.005316768	0.015785165	0.010738555
ASV_1182	0.010852	0.004366812	0.021475720	0.006712997
ASV_1185	0.010526	0.010605517	0.014357428	0.006614617
ASV_1193	0.010458	0.009149087	0.013101369	0.009125037
ASV_1196	0.01074	0.009941917	0.010137610	0.012140879
ASV_1225	0.010509	0.008109007	0.011633007	0.011785274
ASV_1235	0.010422	0.007767801	0.010067794	0.013431876
ASV_1245	0.010471	0.008109007	0.012735725	0.010566979
ASV_1247	0.010498	0.010697939	0.011446116	0.009351023
ASV_1269	0.010418	0.014283042	0.011508308	0.005462059
ASV_1293	0.010251	0.002663071	0.005678388	0.022412511
ASV_1337	0.010511	0.014567829	0.012962930	0.004003148
ASV_1361	0.010439	0.010048702	0.017321701	0.003946561
ASV_1439	0.010219	0.002571474	0.004395812	0.023691134
ASV_1447	0.010749	0.005321455	0.017518085	0.009408620
ASV_1469	0.010174	0.011600483	0.005803475	0.013117550
ASV_861	0.010003	0.02045910	0.00288725	0.00666354
ASV_938	0.010621	0.006426763	0.017278693	0.008158326
ASV_948	0.01018	0.016825761	0.005811601	0.007901418
ASV_974	0.010438	0.007834597	0.010155540	0.013325273
ASV_981	0.010233	0.011639164	0.007129978	0.011930448
ASV_983	0.010593	0.002501196	0.017277655	0.011999523
ASV_1006	0.01013	0.009360478	0.014378845	0.006649959
ASV_1021	0.009942	0.00764030	0.01158300	0.01060316
ASV_1051	0.009802	0.003995019	0.002841770	0.022567932
ASV_1055	0.010131	0.009440130	0.012956410	0.007996492
ASV_1056	0.010098	0.01247582	0.00713301	0.01068615
ASV_1065	0.009936	0.010302529	0.011598878	0.007906741
ASV_1109	0.010318	0.014432385	0.008650399	0.007870191
ASV_1120	0.009969	0.007969277	0.007347899	0.014589709
ASV_1135	0.009856	0.011515508	0.009999231	0.008052925
ASV_1151	0.010062	0.00381100	0.01153398	0.01484194
ASV_1171	0.010161	0.00269513	0.01593283	0.01185379
ASV_1179	0.009906	0.016976141	0.008723427	0.004019071
ASV_1187	0.009941	0.006609672	0.009954266	0.013260428
ASV_1205	0.010013	0.002787552	0.008576863	0.018673636
ASV_1223	0.010085	0.002787552	0.015617547	0.011850807
ASV_1229	0.010246	0.002911208	0.014516196	0.013310182
ASV_1242	0.010371	0.005606338	0.018947165	0.006560325
ASV_1249	0.010256	0.008163211	0.020008595	0.002597199
ASV_1278	0.009962	0.007482092	0.014510841	0.007893610
ASV_1280	0.009489	0.013950366	0.001446885	0.013070397
ASV_1295	0.010062	0.011919182	0.012987506	0.005279846
ASV_1359	0.009786	0.006619872	0.005787539	0.016950370
ASV_1381	0.009597	0.015478563	0.001446885	0.011865720
ASV_1448	0.009868	0.005008553	0.011492109	0.013103931
ASV_1503	0.010175	0.010523294	0.016003002	0.004000165
ASV_1511	0.009973	0.006437325	0.010120772	0.013360127
ASV_1558	0.010045	0.002652872	0.014365554	0.013117704
ASV_979	0.009805	0.008874403	0.009967043	0.010572302
ASV_1046	0.009693	0.006651931	0.013024860	0.009402132
ASV_1104	0.009498	0.010638686	0.009845055	0.008009802
ASV_1121	0.009401	0.007665464	0.008611117	0.011926822
ASV_1153	0.009781	0.003978945	0.020057233	0.005305395
ASV_1154	0.009115	0.017663386	0.004394445	0.005286977
ASV_1188	0.009657	0.005315943	0.014395044	0.009259583
ASV_1201	0.009016	0.02704669	0.00000000	0.00000000
ASV_1213	0.009327	0.006220422	0.007175905	0.014586086
ASV_1218	0.009712	0.001239526	0.003004086	0.024892134
ASV_1241	0.009227	0.020264572	0.007417828	0.000000000
ASV_1312	0.009614	0.010902072	0.010028386	0.007910734
ASV_1329	0.009558	0.006766860	0.009999745	0.011906907
ASV_1364	0.009542	0.007806940	0.011581396	0.009239017
ASV_1394	0.009472	0.006560981	0.008567244	0.013286453
ASV_1413	0.00959	0.01166131	0.01181364	0.00529362
ASV_1418	0.009608	0.007774785	0.013086024	0.007963329
ASV_1420	0.009166	0.016636692	0.004343813	0.006517202
ASV_1535	0.00962	0.006421251	0.015733231	0.006704213
ASV_1540	0.009457	0.011752620	0.007213133	0.009404627
ASV_1025	0.008945	0.007524066	0.007331574	0.011980710
ASV_1075	0.008601	0.012317472	0.004340266	0.009144952
ASV_1126	0.009101	0.008517546	0.002841770	0.015943726
ASV_1136	0.008928	0.007991689	0.001502043	0.017288940
ASV_1156	0.009093	0.007769831	0.007368802	0.012141522
ASV_1181	0.009291	0.008270234	0.012969576	0.006632835
ASV_1186	0.008767	0.012873000	0.002838224	0.010588875
ASV_1191	0.009184	0.006674438	0.010287148	0.010589389
ASV_1202	0.008571	0.024382793	0.000000000	0.001329292
ASV_1208	0.009045	0.009074674	0.008677948	0.009382705
ASV_1250	0.009043	0.005127521	0.011558552	0.010441996
ASV_1268	0.009387	0.001331948	0.020166962	0.006661733
ASV_1271	0.008923	0.009132455	0.007159067	0.010477382
ASV_1283	0.008877	0.006274625	0.007109074	0.013246276
ASV_1321	0.009164	0.010588059	0.014206672	0.002696266
ASV_1344	0.008855	0.010509055	0.004200795	0.011854588
ASV_1345	0.008996	0.007676851	0.008742725	0.010569474
ASV_1360	0.008862	0.004948189	0.007097724	0.014539788
ASV_1416	0.00902	0.007775343	0.011361869	0.007922664
ASV_1449	0.008862	0.007526381	0.007133525	0.011926822
ASV_1492	0.008677	0.011412346	0.001446885	0.013171959
ASV_1524	0.008811	0.007465460	0.008462545	0.010503940
ASV_905	0.009407	0.006712294	0.017361453	0.004148689
ASV_963	0.009158	0.008194445	0.007344352	0.011935283
ASV_1003	0.008412	0.007557057	0.008391524	0.009286783
ASV_1010	0.008578	0.005390260	0.007159067	0.013184247
ASV_1089	0.008992	0.002782040	0.018818077	0.005374921
ASV_1161	0.008801	0.001261670	0.015892686	0.009248451
ASV_1259	0.008771	0.005322280	0.011676994	0.009313855
ASV_1264	0.008509	0.011467933	0.007338220	0.006719485
ASV_1291	0.008707	0.00000000	0.01428543	0.01183625
ASV_1308	0.008818	0.006512848	0.018633192	0.001306882
ASV_1342	0.008944	0.005165093	0.016356609	0.005309388
ASV_1357	0.008475	0.008928607	0.009933881	0.006563830
ASV_1378	0.008579	0.01167187	0.01016721	0.00389695
ASV_1392	0.008647	0.008609968	0.002948928	0.014381463
ASV_1454	0.008936	0.000000000	0.024042174	0.002765793
ASV_1553	0.008558	0.003871363	0.008698851	0.013103564
ASV_1148	0.00778	0.015142222	0.004294787	0.003904081
ASV_1163	0.008404	0.002663071	0.013101184	0.009447596
ASV_1209	0.008328	0.002658384	0.013070213	0.009256592
ASV_1221	0.0082	0.001326436	0.010119680	0.013155194
ASV_1254	0.008031	0.010388613	0.004450970	0.009252599
ASV_1257	0.008411	0.002658384	0.017304099	0.005269403
ASV_1279	0.007924	0.008825623	0.005616584	0.009330266
ASV_1284	0.008227	0.002588106	0.010070892	0.012022384
ASV_1300	0.008268	0.014854643	0.007182425	0.002765793
ASV_1370	0.008412	0.000000000	0.020009813	0.005226242
ASV_1402	0.008258	0.008135554	0.010028386	0.006609782
ASV_1406	0.008424	0.008157698	0.013068846	0.004045629
ASV_1415	0.008044	0.005326967	0.002887250	0.015918480
ASV_1426	0.008096	0.008878806	0.011312903	0.004095085
ASV_1427	0.007965	0.013979780	0.007273443	0.002642662
ASV_1429	0.008107	0.006264063	0.002966858	0.015088729
ASV_1479	0.008193	0.005445936	0.011247552	0.007884331
ASV_1514	0.008304	0.005353514	0.012935507	0.006622758
ASV_1058	0.007654	0.006435853	0.009833704	0.006692927
ASV_1139	0.007772	0.006615185	0.011439596	0.005259931
ASV_1228	0.0078	0.008486313	0.004426520	0.010486817
ASV_1234	0.007722	0.005321455	0.007206487	0.010639488
ASV_1306	0.007615	0.011811511	0.004291754	0.006741895
ASV_1315	0.008146	0.007030708	0.016095036	0.001313370
ASV_1320	0.007869	0.011198075	0.004389293	0.008019391
ASV_1341	0.007563	0.007851133	0.002893770	0.011945368
ASV_1353	0.007344	0.015278755	0.001422435	0.005329612
ASV_1411	0.007613	0.006334988	0.008520158	0.007983244
ASV_1422	0.00775	0.005008553	0.008840263	0.009400480
ASV_1435	0.007683	0.004948189	0.012740490	0.005358999
ASV_1457	0.007886	0.000000000	0.014296138	0.009362147
ASV_1466	0.007773	0.005569592	0.004325883	0.013424863
ASV_1482	0.007819	0.005381171	0.007282548	0.010794500
ASV_1490	0.007704	0.010301703	0.010194374	0.002617269
ASV_1498	0.007942	0.003801086	0.014638699	0.005386045
ASV_1522	0.007495	0.006399106	0.004301433	0.011784907
ASV_1538	0.007558	0.008981701	0.004389293	0.009303065
ASV_1547	0.007554	0.007710115	0.002862674	0.012090258
ASV_1551	0.007803	0.001207467	0.015554472	0.006646461
ASV_1169	0.007323	0.002787552	0.007276542	0.011906385
ASV_1180	0.007315	0.010902072	0.005805081	0.005237521
ASV_1203	0.007404	0.003855289	0.013018214	0.005338929
ASV_1311	0.006951	0.013849424	0.004376515	0.002626740
ASV_1343	0.007299	0.005310893	0.010034906	0.006550891
ASV_1349	0.006659	0.018592890	0.000000000	0.001382896
ASV_1358	0.007133	0.005240978	0.004221825	0.011935246
ASV_1368	0.007413	0.000000000	0.014252152	0.007985739
ASV_1424	0.007297	0.002571474	0.011394183	0.007924161
ASV_1434	0.007209	0.003827632	0.007126879	0.010671370
ASV_1451	0.007242	0.010509055	0.008552860	0.002662732
ASV_1463	0.007373	0.008048644	0.008747877	0.005323007
ASV_1480	0.007192	0.005504827	0.002841770	0.013229711
ASV_1519	0.007392	0.008022923	0.008721695	0.005432673
ASV_1528	0.007323	0.002593619	0.010072260	0.009302055
ASV_1219	0.006691	0.007893850	0.002869319	0.009308543
ASV_1227	0.006855	0.007859398	0.007313644	0.005392533
ASV_1301	0.006932	0.006932774	0.008558992	0.005302900
ASV_1332	0.007096	0.001331948	0.014687211	0.005269403
ASV_1339	0.006561	0.005482682	0.000000000	0.014201270
ASV_1438	0.006727	0.004980248	0.010041678	0.005158369
ASV_1459	0.006871	0.001455604	0.008521316	0.010635495
ASV_1484	0.006836	0.002717275	0.005729020	0.012060872
ASV_1505	0.006844	0.003865851	0.010163666	0.006501280
ASV_1530	0.006466	0.011293092	0.001502043	0.006601641
ASV_1537	0.006671	0.007590499	0.005787539	0.006636340
ASV_1545	0.00673	0.003849777	0.005729020	0.010611277
ASV_1289	0.006412	0.000000000	0.011463598	0.007772133
ASV_1290	0.00633	0.000000000	0.005704444	0.013285134
ASV_1297	0.006382	0.005202486	0.008509966	0.005432673
ASV_1318	0.006322	0.009284326	0.004325883	0.005354851
ASV_1362	0.006367	0.001207467	0.009942467	0.007950874
ASV_1372	0.006529	0.002695130	0.012934993	0.003956033
ASV_1396	0.006621	0.009941917	0.007274811	0.002646810
ASV_1401	0.006288	0.006457997	0.008433904	0.003971955
ASV_1455	0.006609	0.000000000	0.014465487	0.005362992
ASV_1456	0.006675	0.001331948	0.016034725	0.002658585
ASV_1477	0.006354	0.004237644	0.005623230	0.009200647
ASV_1548	0.006303	0.002588106	0.008425653	0.007896106
ASV_1552	0.006268	0.003654460	0.007094177	0.008055265
ASV_1564	0.0064	0.000000000	0.008627316	0.010571281
ASV_1566	0.006421	0.001261670	0.010061035	0.007939074
ASV_1285	0.005712	0.002588106	0.002753911	0.011793699
ASV_1346	0.005878	0.003708663	0.007164495	0.006761965
ASV_1376	0.005924	0.002782040	0.008472738	0.006517202
ASV_1383	0.00599	0.005440424	0.007149723	0.005379557
ASV_1391	0.005779	0.006544907	0.005546655	0.005244009
ASV_1409	0.006045	0.004049223	0.010062641	0.004023218
ASV_1433	0.005684	0.003686519	0.004218726	0.009148090
ASV_1483	0.005833	0.010588617	0.004285108	0.002626740
ASV_1486	0.006024	0.005482682	0.007227390	0.005363146
ASV_1513	0.006017	0.002658384	0.010112055	0.005280644
ASV_1554	0.00585	0.001207467	0.005720768	0.010622923
ASV_1563	0.00612	0.001331948	0.013117120	0.003910569
ASV_1472	0.005194	0.008933294	0.001464815	0.005184927
ASV_1525	0.00547	0.001331948	0.005743278	0.009336240
ASV_1539	0.00553	0.001239526	0.008771939	0.006577449
ASV_1541	0.005315	0.007459948	0.007172232	0.001313370
ASV_1544	0.005222	0.003708663	0.004130866	0.007825249
ASV_1559	0.005418	0.001326436	0.003004086	0.011924005
ASV_1571	0.005388	0.000000000	0.004389293	0.011775436
ASV_1461	0.005095	0.004043710	0.008579895	0.002662732
ASV_1517	0.004883	0.003855289	0.004278463	0.006514219
ASV_1467	0.004435	0.007849198	0.001415789	0.004041481
ASV_1520	0.004511	0.005127521	0.005792304	0.002613121
