#OTU ID	KO1	KO2	KO3	KO4	KO5	KO6	OE1	OE2	OE3	OE4	OE5	OE6	WT1	WT2	WT3	WT4	WT5	WT6
ASV_1	368	664	277	436	381	384	469	585	488	356	488	356	792	825	559	657	504	512
ASV_10	104	128	231	264	370	240	68	60	81	104	137	103	137	199	82	94	189	93
ASV_100	22	34	4	6	10	22	43	20	27	23	23	38	19	12	28	16	22	27
ASV_1000	2	1	1	1	0	5	3	2	4	1	2	3	6	0	2	4	2	4
ASV_1001	3	3	2	0	1	2	0	4	1	2	3	2	2	1	0	5	0	0
ASV_1002	1	0	0	2	0	0	6	6	0	4	10	1	0	1	0	0	1	0
ASV_1003	1	0	2	0	3	0	0	0	1	2	3	0	0	0	0	5	1	1
ASV_1004	1	1	1	1	0	3	3	1	1	1	0	2	2	2	3	3	0	2
ASV_1005	1	2	3	4	2	4	6	2	2	1	2	5	3	3	1	3	2	1
ASV_1006	1	2	0	1	0	3	2	2	2	2	1	1	2	0	1	0	1	1
ASV_1007	1	2	2	1	0	2	0	0	4	1	0	5	0	0	1	3	0	3
ASV_1008	3	2	0	1	0	1	4	2	0	1	2	3	1	1	3	0	1	1
ASV_1009	3	0	0	1	0	0	0	4	1	3	3	0	1	1	2	0	3	2
ASV_101	18	11	24	21	41	14	12	17	22	32	31	29	13	23	16	16	16	12
ASV_1010	2	0	2	0	0	0	1	1	3	0	0	0	1	3	1	1	1	3
ASV_1011	2	1	1	8	1	5	5	6	5	1	8	10	3	0	3	5	4	0
ASV_1012	1	4	1	0	4	4	0	2	1	0	0	0	3	3	0	0	2	1
ASV_1013	4	4	4	1	1	0	4	9	2	4	3	5	3	2	5	2	5	6
ASV_1014	1	1	3	0	0	2	1	1	3	2	2	0	0	0	1	1	4	3
ASV_1015	3	1	0	0	0	3	3	3	0	1	1	2	1	0	3	4	0	1
ASV_1016	4	1	1	4	4	2	5	2	2	5	3	7	6	7	3	5	0	1
ASV_1017	0	2	1	6	0	0	0	1	1	0	1	2	2	1	8	0	0	1
ASV_1018	3	4	7	2	6	2	0	7	0	2	4	7	0	0	1	6	1	4
ASV_1019	1	1	1	3	1	1	3	0	3	3	3	2	4	4	4	6	5	2
ASV_102	26	11	33	14	66	20	16	5	18	11	12	11	13	43	7	11	24	25
ASV_1020	0	1	4	1	0	1	1	0	2	1	2	1	1	0	2	3	0	5
ASV_1021	0	1	0	5	0	0	2	3	1	0	1	1	3	0	0	1	0	4
ASV_1022	3	5	1	1	0	1	4	0	4	0	2	1	2	2	0	4	0	2
ASV_1023	0	9	1	1	4	2	0	1	1	6	1	1	2	0	0	0	2	0
ASV_1024	0	1	0	4	3	2	0	1	3	2	2	1	2	1	0	3	1	0
ASV_1025	0	0	5	0	0	1	1	1	1	0	0	2	0	0	1	4	2	2
ASV_1026	0	0	2	9	0	1	1	2	3	3	0	2	0	0	0	0	1	4
ASV_1027	1	3	4	6	2	2	3	5	1	2	2	1	1	0	1	4	1	4
ASV_1028	2	0	2	0	0	0	3	2	7	1	2	0	4	0	1	4	3	1
ASV_1029	1	1	2	3	0	1	14	2	2	0	2	7	1	1	0	1	0	0
ASV_103	8	3	18	21	110	26	1	39	1	10	12	10	1	4	14	12	17	36
ASV_1030	4	4	4	8	3	1	7	2	2	3	2	12	2	1	5	2	1	3
ASV_1031	5	3	4	2	3	3	8	7	7	5	7	5	4	2	3	2	3	6
ASV_1032	0	0	0	2	0	4	0	1	2	1	2	1	2	0	6	2	0	2
ASV_1033	2	0	0	1	1	0	5	4	2	4	3	7	2	0	1	4	3	7
ASV_1034	3	3	5	4	6	6	4	6	2	1	2	3	0	3	3	3	3	2
ASV_1035	0	0	0	0	0	0	45	0	0	0	2	0	0	0	0	0	1	0
ASV_1036	0	0	0	0	0	0	23	0	0	0	0	0	0	0	0	0	0	0
ASV_1037	0	0	0	0	0	0	2	2	5	2	0	2	5	3	3	1	1	1
ASV_1038	0	2	1	0	0	0	2	0	2	4	2	2	0	3	0	22	0	0
ASV_1039	1	0	0	2	0	1	13	4	0	0	4	1	1	0	3	1	1	0
ASV_104	12	19	5	9	0	0	20	46	13	18	12	26	59	8	30	31	0	47
ASV_1040	7	0	0	0	0	0	1	2	0	1	0	8	10	0	2	0	0	1
ASV_1041	4	9	5	2	1	2	5	10	2	3	5	4	4	0	4	6	2	4
ASV_1042	1	3	2	1	10	4	0	1	2	1	0	0	1	1	1	1	2	1
ASV_1043	2	0	0	0	0	1	1	2	0	1	8	6	2	0	2	1	0	0
ASV_1044	2	0	4	0	6	0	1	2	6	4	2	2	1	0	2	1	0	7
ASV_1045	2	1	1	0	0	0	9	3	1	1	2	2	4	0	0	2	1	4
ASV_1046	2	0	2	1	0	0	1	2	0	3	1	2	0	1	3	1	1	1
ASV_1047	1	2	1	0	5	1	1	2	3	0	2	2	1	0	2	0	0	1
ASV_1048	4	5	0	4	1	2	0	2	1	1	1	3	1	1	2	1	1	2
ASV_1049	1	0	1	0	4	3	0	1	1	2	1	4	1	2	1	2	2	1
ASV_105	13	9	12	30	11	21	10	8	38	28	14	8	46	39	13	19	17	14
ASV_1050	3	3	3	6	1	3	4	0	4	1	12	5	2	3	3	2	2	3
ASV_1051	1	1	0	0	1	0	0	1	0	0	1	0	1	0	0	13	1	2
ASV_1052	6	3	0	3	0	4	6	2	2	2	0	1	1	2	3	0	0	2
ASV_1053	1	14	0	0	7	1	3	2	2	0	0	0	0	0	0	0	0	0
ASV_1054	1	3	1	1	4	5	1	1	3	2	1	2	0	2	2	2	2	0
ASV_1055	3	1	0	0	2	1	2	2	2	1	1	1	0	0	0	1	0	5
ASV_1056	5	2	0	0	1	1	0	0	2	1	1	1	4	0	2	0	0	2
ASV_1057	1	2	3	2	1	0	5	4	1	1	2	2	3	0	1	0	0	4
ASV_1058	1	0	3	1	0	0	1	0	0	0	5	1	1	0	2	0	2	0
ASV_1059	3	1	4	3	6	0	0	2	0	2	2	2	0	1	0	2	0	1
ASV_106	3	9	23	44	51	10	21	14	9	20	18	8	30	52	19	27	21	14
ASV_1060	7	2	1	11	7	4	4	3	2	2	3	2	3	5	1	2	5	5
ASV_1061	2	0	0	1	0	0	4	0	1	2	0	1	3	3	3	3	0	1
ASV_1062	1	0	5	0	1	3	2	0	1	0	3	4	0	1	1	2	2	0
ASV_1063	2	3	4	1	3	2	4	4	3	2	0	4	4	1	0	4	6	1
ASV_1064	3	3	2	0	0	2	3	1	1	3	0	3	1	6	0	2	2	5
ASV_1065	0	3	3	1	0	1	1	1	1	3	0	2	2	1	0	1	0	2
ASV_1066	2	4	0	0	13	1	1	1	0	1	1	1	0	0	0	1	0	1
ASV_1067	1	2	1	2	1	5	1	0	4	1	0	0	2	1	1	0	1	0
ASV_1068	0	3	0	1	1	1	0	2	1	1	2	4	3	0	1	0	2	1
ASV_1069	0	1	2	6	2	0	3	0	0	1	1	1	1	1	2	2	0	0
ASV_107	18	18	3	31	27	53	11	7	19	9	12	15	31	18	15	10	16	13
ASV_1070	0	3	0	0	1	1	3	11	4	4	1	4	2	2	0	2	1	1
ASV_1071	2	4	0	1	2	1	0	3	0	3	1	0	1	2	1	3	4	3
ASV_1072	0	2	1	5	0	2	2	2	2	2	1	3	0	1	2	3	4	2
ASV_1073	1	1	0	2	1	0	2	2	4	0	6	5	2	0	3	0	1	2
ASV_1074	4	4	1	2	7	3	0	0	0	1	1	0	0	1	0	0	0	2
ASV_1075	0	1	2	1	6	0	0	0	1	1	0	1	2	4	1	0	0	0
ASV_1076	2	3	0	2	2	3	2	1	1	1	1	2	2	2	3	1	0	0
ASV_1077	0	2	1	0	0	0	2	6	1	3	1	4	1	1	3	0	2	5
ASV_1078	1	3	2	3	6	4	0	2	1	1	5	3	2	0	0	0	1	2
ASV_1079	0	2	1	3	0	2	1	6	2	1	3	2	2	3	2	1	2	2
ASV_108	22	21	20	29	29	35	15	12	18	9	27	15	18	20	11	12	31	16
ASV_1080	0	1	0	2	3	1	4	0	0	1	2	3	0	3	4	2	2	1
ASV_1081	3	3	8	4	3	3	5	1	2	2	3	3	1	0	3	1	2	4
ASV_1082	5	3	5	2	3	4	5	1	4	3	3	9	2	5	3	2	0	1
ASV_1083	1	2	3	3	2	1	1	2	0	1	1	1	1	4	5	2	0	1
ASV_1084	0	1	2	5	2	0	0	4	1	1	1	1	0	1	2	3	1	3
ASV_1085	0	0	4	2	2	9	1	4	0	2	1	1	1	1	1	1	0	1
ASV_1086	0	0	0	4	0	0	4	4	2	1	2	2	2	0	4	1	0	1
ASV_1087	2	2	0	0	1	1	5	2	2	0	1	22	0	0	0	0	2	1
ASV_1088	0	0	2	0	3	0	3	1	1	0	6	1	0	0	2	0	4	3
ASV_1089	1	0	0	0	0	1	0	2	3	0	3	5	0	0	1	2	0	1
ASV_109	23	18	34	24	36	29	9	8	18	20	20	31	22	22	20	22	24	10
ASV_1090	0	0	0	0	0	4	5	4	2	0	4	2	8	3	4	1	0	3
ASV_1091	0	0	0	0	0	1	0	1	9	0	2	0	1	0	5	3	0	1
ASV_1092	1	1	1	4	1	2	2	8	8	2	5	1	5	0	3	1	0	0
ASV_1093	4	1	0	0	0	2	5	1	2	1	2	4	0	3	3	1	2	3
ASV_1094	1	0	0	0	0	0	3	3	4	3	0	1	1	2	1	4	2	0
ASV_1095	4	3	3	0	0	1	15	7	9	0	5	16	3	3	12	7	2	3
ASV_1096	0	0	0	0	1	0	2	2	2	0	6	4	1	0	3	0	1	2
ASV_1097	0	3	0	4	0	1	3	6	2	2	3	3	2	2	6	1	3	6
ASV_1098	0	0	2	0	0	0	0	12	2	2	0	0	1	2	2	0	0	7
ASV_1099	0	0	0	0	0	0	2	0	0	1	0	0	0	0	0	25	1	0
ASV_11	103	141	99	128	187	130	172	134	81	153	122	60	138	173	175	140	102	139
ASV_110	10	36	16	24	22	10	26	16	18	27	18	27	19	18	25	15	19	25
ASV_1100	4	0	3	3	1	3	7	5	4	4	4	7	2	2	0	3	2	3
ASV_1101	1	0	0	0	1	0	1	7	1	0	0	1	1	1	1	7	0	7
ASV_1102	4	0	1	1	0	2	1	0	2	4	0	3	1	1	3	2	0	0
ASV_1103	12	1	3	1	0	0	1	2	2	0	1	1	1	0	0	2	2	2
ASV_1104	1	5	0	2	0	0	1	0	0	3	3	0	2	1	2	0	0	1
ASV_1105	1	2	0	5	0	14	2	0	4	6	0	0	2	0	3	0	0	1
ASV_1106	2	3	2	0	0	1	2	0	0	1	5	1	0	1	1	2	5	1
ASV_1107	3	5	1	1	2	0	3	1	1	1	2	2	3	1	1	2	0	2
ASV_1108	5	2	0	6	6	2	0	0	1	0	1	2	4	2	0	3	1	1
ASV_1109	9	1	0	0	0	0	0	3	0	0	2	1	1	0	0	1	4	0
ASV_111	9	6	7	6	3	5	27	17	37	32	21	12	28	38	23	31	18	8
ASV_1110	1	1	1	1	4	3	5	1	4	3	1	4	2	0	3	1	0	3
ASV_1111	3	4	2	2	1	4	0	1	1	2	0	0	1	2	1	3	0	0
ASV_1112	2	2	0	1	0	1	0	2	1	1	1	2	4	2	2	0	2	3
ASV_1113	3	3	2	3	0	3	4	4	4	4	0	4	1	2	3	3	0	4
ASV_1114	1	1	1	1	1	1	1	1	1	3	2	1	1	2	0	0	6	2
ASV_1115	1	1	1	1	0	1	9	4	5	0	2	2	2	2	7	2	3	1
ASV_1116	1	5	0	0	0	1	2	1	0	1	0	0	1	4	0	0	7	0
ASV_1117	4	3	0	1	1	1	3	1	2	1	2	4	2	0	1	1	3	3
ASV_1118	1	10	0	1	0	0	1	4	3	2	2	0	4	2	5	1	2	2
ASV_1119	6	0	0	0	2	2	3	2	4	3	2	2	0	1	1	2	0	0
ASV_112	19	15	12	8	6	5	5	12	93	59	13	15	33	10	20	28	7	11
ASV_1120	1	2	0	2	0	1	0	1	0	0	1	3	1	2	1	2	0	5
ASV_1121	1	0	2	2	1	0	0	1	0	3	1	1	1	3	2	1	0	2
ASV_1122	4	1	0	0	1	4	3	2	1	2	0	4	3	1	0	0	1	2
ASV_1123	6	1	2	3	1	2	1	4	3	2	5	1	2	0	1	3	4	4
ASV_1124	2	0	2	0	1	2	1	3	2	0	5	3	1	0	1	7	2	1
ASV_1125	3	1	4	1	2	3	1	8	1	1	3	1	0	1	0	1	0	1
ASV_1126	5	0	1	0	0	0	0	1	0	0	1	0	1	1	1	9	0	0
ASV_1127	2	0	3	0	1	1	3	0	1	2	1	5	2	2	1	2	0	0
ASV_1128	6	5	1	2	0	2	3	2	10	7	2	3	4	3	2	7	1	2
ASV_1129	1	0	0	1	6	1	0	2	0	0	1	7	2	0	0	3	0	1
ASV_113	5	11	2	4	189	3	9	8	4	4	6	3	28	6	8	1	24	8
ASV_1130	0	1	6	2	1	4	0	0	3	0	0	0	3	3	0	0	10	1
ASV_1131	0	6	0	0	1	0	2	6	3	1	1	4	1	0	2	2	0	4
ASV_1132	1	3	3	2	2	3	4	3	0	1	2	1	1	0	1	4	2	3
ASV_1133	3	5	2	0	0	1	4	6	1	0	2	6	3	1	1	1	4	3
ASV_1134	1	2	0	3	1	0	1	2	3	1	2	2	0	0	0	0	2	3
ASV_1135	0	4	3	1	1	0	1	1	2	0	2	1	1	0	2	0	1	2
ASV_1136	0	6	0	0	0	0	0	0	0	0	0	1	0	1	1	11	0	0
ASV_1137	0	2	0	0	0	2	5	0	1	0	3	2	1	0	3	1	2	1
ASV_1138	0	1	1	0	0	0	2	1	5	0	2	6	0	1	0	3	2	0
ASV_1139	1	1	1	1	0	1	0	2	2	1	2	1	1	1	0	1	0	1
ASV_114	10	35	3	37	3	26	1	2	2	0	8	166	0	9	6	0	2	6
ASV_1140	6	11	1	0	1	13	16	4	2	4	2	7	2	3	0	2	4	1
ASV_1141	2	1	4	5	0	1	2	1	0	1	3	1	1	0	0	3	3	0
ASV_1142	4	5	3	7	2	5	3	3	6	3	6	11	5	8	2	4	2	6
ASV_1143	1	2	1	2	1	6	7	2	3	2	3	4	2	5	6	3	1	1
ASV_1144	0	5	8	3	1	1	4	2	3	1	3	4	3	2	3	4	4	3
ASV_1145	0	1	1	4	0	0	0	2	2	1	4	2	1	1	0	2	3	1
ASV_1146	0	0	3	1	0	0	1	0	3	4	4	4	1	2	5	0	1	1
ASV_1147	2	0	2	0	1	1	6	1	0	0	2	1	3	1	1	2	0	4
ASV_1148	0	1	6	4	0	1	0	0	1	0	1	1	1	1	0	0	1	0
ASV_1149	0	0	2	2	17	1	0	10	0	2	2	0	0	0	4	1	0	6
ASV_115	11	22	16	6	15	8	25	15	19	27	14	21	13	31	23	22	17	28
ASV_1150	2	5	2	3	0	6	5	0	1	0	3	1	1	1	2	0	1	5
ASV_1151	0	1	2	0	0	0	2	2	2	0	1	1	1	0	5	0	2	3
ASV_1152	0	4	1	1	7	3	2	1	0	2	1	2	1	0	4	1	2	5
ASV_1153	1	0	0	2	0	0	2	2	2	3	3	2	1	0	0	2	0	1
ASV_1154	0	0	0	14	0	0	0	3	0	0	0	0	1	1	1	0	1	0
ASV_1155	0	1	3	5	3	2	0	0	1	0	2	0	0	0	2	2	2	1
ASV_1156	0	1	0	3	0	2	1	0	1	0	0	3	0	0	4	1	2	2
ASV_1157	3	1	1	2	3	5	4	2	0	5	2	0	1	1	3	5	2	4
ASV_1158	3	0	0	0	1	0	3	1	0	3	1	1	0	2	3	1	1	4
ASV_1159	0	0	0	1	0	1	6	1	2	1	4	1	4	2	5	1	0	1
ASV_116	14	31	30	32	24	22	8	9	15	14	8	14	12	10	17	22	15	14
ASV_1160	1	1	1	1	0	2	4	5	9	0	2	6	2	0	5	0	0	0
ASV_1161	0	0	0	1	0	0	2	4	1	2	1	1	1	0	0	3	2	1
ASV_1162	0	0	0	0	0	0	1	0	0	0	21	0	0	0	0	0	3	5
ASV_1163	1	0	0	0	1	0	6	0	1	0	0	2	0	0	3	2	1	1
ASV_1164	4	4	1	0	0	1	6	5	8	0	2	4	4	0	4	1	8	0
ASV_1165	4	4	3	5	5	5	5	3	7	5	4	9	5	6	3	3	1	3
ASV_1166	7	1	1	3	2	13	8	2	1	3	3	4	3	2	2	1	2	5
ASV_1167	3	1	1	0	1	0	3	0	2	2	2	2	3	1	0	2	3	2
ASV_1168	5	1	3	1	1	1	1	1	1	2	0	0	0	0	2	3	2	2
ASV_1169	1	1	0	0	0	0	0	2	0	2	0	1	3	0	1	1	3	1
ASV_117	25	7	15	7	16	21	9	28	56	34	27	19	22	21	14	25	3	11
ASV_1170	2	1	43	1	0	0	0	3	1	0	3	1	0	0	1	1	0	0
ASV_1171	1	0	1	0	0	0	1	0	0	2	3	5	2	2	1	1	2	1
ASV_1172	1	1	1	0	4	1	2	2	1	3	2	0	2	1	3	2	2	0
ASV_1173	1	0	1	0	0	2	1	1	0	3	2	4	5	2	3	0	4	1
ASV_1174	3	2	0	1	0	0	3	4	4	3	1	2	3	2	2	5	4	1
ASV_1175	4	3	2	5	4	3	12	3	0	8	6	8	3	0	8	7	2	5
ASV_1176	3	1	1	0	1	2	2	2	2	3	2	4	1	0	4	4	2	1
ASV_1177	5	5	4	0	4	6	3	0	3	3	2	4	2	1	5	4	1	3
ASV_1178	4	4	0	1	0	1	3	3	0	2	3	2	0	2	3	0	1	0
ASV_1179	2	1	4	1	1	4	1	2	0	2	0	1	0	0	1	1	1	0
ASV_118	21	17	28	21	38	10	13	12	13	14	18	15	15	18	21	23	23	19
ASV_1180	3	4	0	0	1	0	0	1	1	1	0	1	1	1	0	0	1	1
ASV_1181	3	2	1	0	0	0	4	1	1	1	1	1	0	0	1	1	3	0
ASV_1182	3	0	0	0	0	0	1	3	7	2	1	1	0	0	2	0	2	1
ASV_1183	1	3	0	1	2	1	3	2	2	5	3	2	2	0	2	1	6	1
ASV_1184	2	2	0	3	3	0	1	4	0	1	0	1	1	3	0	2	0	1
ASV_1185	1	3	1	1	0	2	0	2	3	1	2	2	2	0	0	3	0	0
ASV_1186	2	0	2	0	4	2	0	0	1	1	0	0	0	1	0	7	0	0
ASV_1187	1	0	1	1	0	2	2	2	0	0	3	0	4	0	1	4	1	0
ASV_1188	1	0	0	0	1	2	3	1	2	0	2	2	0	1	0	6	0	0
ASV_1189	1	0	1	4	1	5	2	2	3	6	3	1	1	0	1	1	0	1
ASV_119	13	17	24	14	17	11	16	32	18	13	11	25	21	11	27	11	24	32
ASV_1190	2	2	2	3	0	2	0	1	1	1	0	4	2	0	1	2	1	0
ASV_1191	1	0	1	0	0	3	2	1	0	1	0	3	1	2	1	2	0	2
ASV_1192	3	1	0	2	3	0	2	1	2	0	2	2	1	2	1	4	0	3
ASV_1193	1	1	1	1	1	2	1	3	0	0	2	3	3	3	0	0	0	1
ASV_1194	1	1	2	2	1	1	3	2	2	0	1	3	2	1	0	0	3	1
ASV_1195	1	1	0	0	2	0	0	3	4	1	3	2	2	6	4	0	0	3
ASV_1196	5	2	0	0	0	0	1	1	0	2	1	2	0	1	4	2	0	2
ASV_1197	3	2	4	1	5	1	1	0	0	2	1	5	0	1	1	2	2	0
ASV_1198	3	1	2	1	0	2	1	2	0	2	1	4	0	2	0	1	4	1
ASV_1199	3	5	1	0	2	1	1	3	0	0	3	3	2	0	5	2	1	1
ASV_12	106	126	123	134	162	124	83	66	116	121	120	86	129	196	148	178	108	114
ASV_120	15	15	16	9	4	15	25	20	14	11	19	33	12	15	15	8	17	14
ASV_1200	2	2	1	2	0	3	5	0	3	1	1	2	1	1	3	4	2	0
ASV_1201	0	11	10	0	0	0	0	0	0	0	0	0	0	0	0	0	0	0
ASV_1202	0	9	10	0	0	0	0	0	0	0	0	0	0	0	0	1	0	0
ASV_1203	0	1	0	2	0	0	1	2	1	2	1	2	2	0	1	1	0	0
ASV_1204	0	6	0	0	4	0	0	0	3	2	2	2	2	0	4	1	0	2
ASV_1205	1	1	0	0	0	0	2	0	1	3	0	0	1	0	3	4	4	2
ASV_1206	0	3	0	0	1	2	1	2	3	2	1	6	2	2	0	3	2	0
ASV_1207	1	3	0	1	2	2	5	5	3	7	3	1	3	3	4	1	2	1
ASV_1208	0	5	0	0	2	0	1	2	0	1	1	1	1	0	3	0	3	0
ASV_1209	0	1	0	0	0	1	3	1	1	2	0	2	1	1	1	1	2	1
ASV_121	24	13	12	10	15	35	13	9	14	27	21	28	11	22	16	14	33	9
ASV_1210	1	4	1	3	0	5	6	3	0	0	1	3	3	1	1	1	3	2
ASV_1211	0	0	4	1	3	5	2	2	2	0	2	0	1	2	0	1	1	1
ASV_1212	1	1	1	3	2	1	3	1	0	0	3	0	0	1	1	3	3	2
ASV_1213	0	0	2	0	2	1	1	2	0	1	1	0	5	1	2	1	1	1
ASV_1214	3	0	5	3	0	2	2	3	0	1	3	0	0	4	3	1	2	5
ASV_1215	0	2	2	0	1	4	12	3	3	1	8	7	5	5	4	4	2	3
ASV_1216	2	4	8	3	0	1	5	3	3	2	4	3	1	1	3	1	4	1
ASV_1217	0	0	24	0	0	0	0	0	0	0	0	0	0	0	0	0	0	0
ASV_1218	0	0	1	0	0	0	0	0	0	0	0	2	0	0	18	0	0	0
ASV_1219	0	0	0	1	0	5	1	0	0	1	0	0	2	0	1	2	1	1
ASV_122	4	13	32	15	28	16	10	24	10	16	25	7	11	12	16	12	32	24
ASV_1220	21	16	4	11	1	12	6	13	8	4	4	7	10	12	9	14	8	12
ASV_1221	0	0	0	0	0	1	2	0	0	2	1	2	0	4	2	0	3	1
ASV_1222	0	0	0	0	0	1	4	4	4	8	2	2	6	1	3	5	1	0
ASV_1223	1	1	0	0	0	0	0	3	3	2	3	0	1	3	1	1	1	2
ASV_1224	1	0	1	0	1	2	1	2	4	5	2	3	1	0	1	1	4	1
ASV_1225	2	2	0	0	1	1	1	1	1	1	1	3	2	4	1	0	1	1
ASV_1226	2	1	0	2	0	4	4	2	2	1	4	3	3	2	1	2	0	0
ASV_1227	2	0	2	1	1	0	2	0	1	0	0	2	2	0	2	0	0	0
ASV_1228	4	2	0	0	0	0	0	0	0	1	0	2	1	2	0	2	2	1
ASV_1229	2	0	0	0	0	0	0	0	4	2	0	4	1	0	0	1	0	8
ASV_123	7	30	9	18	3	46	9	4	11	15	10	8	5	10	35	8	9	35
ASV_1230	3	1	0	0	0	0	4	2	1	3	3	2	8	5	3	2	1	1
ASV_1231	12	4	3	10	4	8	2	2	4	5	1	3	0	2	2	9	3	2
ASV_1232	2	4	4	1	4	1	5	1	2	5	1	7	1	1	1	1	4	6
ASV_1233	3	2	0	2	1	1	4	0	1	2	0	4	0	3	5	0	2	4
ASV_1234	1	1	0	0	1	1	1	1	1	0	1	1	1	1	2	1	2	1
ASV_1235	1	1	3	1	0	0	0	4	2	0	1	0	5	0	4	0	0	1
ASV_1236	2	0	1	2	4	4	1	1	3	1	1	3	1	1	3	1	1	2
ASV_1237	3	0	1	0	1	1	1	0	2	1	3	2	0	3	3	5	2	2
ASV_1238	7	1	2	3	0	0	2	1	12	4	2	3	2	2	4	5	2	1
ASV_1239	4	1	0	0	1	0	1	1	0	1	0	1	4	3	3	0	3	3
ASV_124	19	20	28	23	22	22	14	13	13	7	15	4	19	14	20	14	16	18
ASV_1240	2	2	0	2	0	5	1	1	0	7	0	0	0	0	1	0	0	3
ASV_1241	2	0	14	0	0	0	1	1	0	0	0	3	0	0	0	0	0	0
ASV_1242	3	0	1	0	0	0	4	2	0	2	1	4	0	1	0	1	2	1
ASV_1243	1	3	2	1	2	1	1	1	1	0	2	2	3	2	2	4	0	0
ASV_1244	5	1	0	3	0	2	2	2	1	2	3	3	1	2	2	0	5	5
ASV_1245	2	2	0	0	1	1	3	1	0	1	4	0	1	2	1	1	1	2
ASV_1246	7	4	4	0	0	0	0	0	5	1	0	3	3	0	0	0	5	0
ASV_1247	1	4	0	1	0	2	2	1	2	0	2	1	1	0	1	3	0	2
ASV_1248	2	4	0	0	0	3	4	1	3	1	1	0	0	0	0	3	2	2
ASV_1249	2	2	0	1	0	1	5	1	2	2	3	1	1	1	0	0	0	0
ASV_125	14	10	27	12	7	9	29	18	16	13	24	22	17	32	15	20	20	22
ASV_1250	0	1	0	1	1	1	1	3	1	1	1	1	1	2	0	0	4	1
ASV_1251	2	2	6	4	1	1	4	3	4	2	3	3	3	3	0	3	2	3
ASV_1252	1	1	4	2	1	7	0	0	1	2	3	3	0	1	0	2	0	1
ASV_1253	0	3	3	4	0	0	1	2	1	0	2	6	1	3	1	1	0	1
ASV_1254	1	1	2	1	1	2	1	0	0	0	0	2	1	0	0	2	2	2
ASV_1255	1	4	1	1	3	0	2	3	2	1	2	4	1	1	2	2	3	2
ASV_1256	0	1	1	2	5	2	4	2	1	1	0	3	1	0	0	1	1	1
ASV_1257	0	1	0	0	0	1	8	2	0	1	1	0	3	0	0	1	0	0
ASV_1258	1	3	0	0	1	2	2	4	3	0	0	1	2	3	1	1	0	1
ASV_1259	0	3	0	0	0	1	1	3	2	0	0	2	1	1	1	0	0	4
ASV_126	5	44	27	29	3	8	20	28	13	14	31	4	11	30	16	8	5	22
ASV_1260	4	6	0	1	0	2	1	5	7	2	1	4	2	1	0	5	1	2
ASV_1261	0	1	0	0	0	0	6	8	5	1	3	4	2	4	3	0	1	0
ASV_1262	2	10	1	0	1	5	10	1	1	5	3	1	1	0	1	6	2	1
ASV_1263	0	2	1	4	2	1	8	4	4	3	5	3	1	2	3	4	3	2
ASV_1264	0	1	1	6	0	1	1	1	0	1	0	2	1	0	2	0	1	1
ASV_1265	1	2	3	1	2	3	2	3	9	5	4	2	1	2	3	2	3	3
ASV_1266	1	3	1	2	2	0	3	2	1	5	2	5	3	3	4	3	2	3
ASV_1267	3	3	4	1	1	1	2	3	1	2	1	0	0	0	1	2	1	1
ASV_1268	0	1	0	0	0	0	4	1	7	0	0	2	1	0	1	2	1	0
ASV_1269	0	1	0	3	1	6	4	1	0	0	2	1	1	0	3	0	0	0
ASV_127	14	7	47	12	7	11	20	5	7	14	16	14	18	18	18	9	10	28
ASV_1270	1	2	1	0	0	0	7	2	3	1	4	7	7	1	5	0	1	2
ASV_1271	1	2	2	0	1	1	1	1	3	0	0	0	3	2	0	1	1	1
ASV_1272	1	4	5	2	0	0	1	5	3	3	2	3	3	2	4	1	1	3
ASV_1273	0	0	2	0	2	2	0	3	0	0	2	1	1	2	2	1	2	8
ASV_1274	1	0	2	1	5	2	3	1	3	1	0	0	3	3	1	4	2	2
ASV_1275	0	1	2	3	3	7	3	2	0	2	7	2	2	3	4	2	5	4
ASV_1276	0	0	2	0	1	2	0	0	4	0	0	0	2	1	2	2	4	5
ASV_1277	0	0	2	1	0	5	2	4	7	2	1	1	3	1	2	2	1	1
ASV_1278	0	0	2	1	2	1	7	1	1	0	0	1	0	2	1	1	2	0
ASV_1279	0	1	1	4	1	0	1	0	1	0	2	0	0	1	2	0	2	2
ASV_128	26	18	13	28	18	24	9	13	20	12	12	21	15	16	17	13	19	11
ASV_1280	0	0	6	0	1	4	1	0	0	0	0	0	0	4	0	3	2	1
ASV_1281	3	1	1	6	3	5	1	2	4	2	5	1	1	2	3	0	4	4
ASV_1282	2	1	0	4	1	1	2	2	1	1	5	1	1	7	2	1	1	2
ASV_1283	0	0	2	1	1	1	0	1	0	3	1	0	0	1	1	2	3	3
ASV_1284	0	0	0	1	0	1	0	3	2	2	0	0	1	1	3	1	2	1
ASV_1285	0	0	0	1	0	1	0	0	0	0	2	0	1	2	0	2	3	1
ASV_1286	0	1	2	1	0	2	3	0	0	5	6	2	1	2	1	3	0	2
ASV_1287	3	3	2	1	5	5	5	3	3	1	2	3	2	2	3	4	2	3
ASV_1288	0	0	0	1	0	3	6	4	1	2	3	3	2	4	3	4	1	2
ASV_1289	0	0	0	0	0	0	1	0	3	3	0	1	0	3	0	0	3	0
ASV_129	16	26	10	16	8	17	24	24	27	15	15	21	21	17	25	20	15	21
ASV_1290	0	0	0	0	0	0	1	1	1	0	1	0	3	0	2	2	3	0
ASV_1291	0	0	0	0	0	0	1	1	6	0	1	1	8	0	0	1	0	0
ASV_1292	2	1	0	0	0	0	7	1	4	2	0	3	0	1	0	0	3	11
ASV_1293	1	0	0	0	1	0	0	0	0	1	2	1	7	3	2	3	2	0
ASV_1294	3	2	2	0	0	2	3	8	0	2	1	3	4	1	1	5	0	2
ASV_1295	3	1	2	0	2	1	3	2	1	1	1	1	0	2	1	1	0	0
ASV_1296	2	3	2	5	3	3	2	3	0	3	4	4	6	3	4	3	6	2
ASV_1297	1	1	0	0	2	0	0	0	2	1	2	1	0	0	2	0	0	2
ASV_1298	3	1	0	4	0	3	3	2	1	0	4	3	3	9	4	1	2	3
ASV_1299	2	2	1	1	0	2	1	1	2	1	2	3	1	1	2	2	1	1
ASV_13	10	44	223	108	59	82	71	266	199	180	128	50	98	105	75	55	178	199
ASV_130	13	18	14	13	7	8	25	11	13	12	14	15	14	18	28	13	16	20
ASV_1300	2	1	0	0	0	8	3	1	0	0	1	0	0	0	2	0	0	0
ASV_1301	3	0	1	0	0	1	0	1	1	1	2	1	0	1	1	1	1	0
ASV_1302	2	1	0	1	2	1	2	1	6	0	0	3	0	3	1	4	0	0
ASV_1303	1	0	0	1	0	0	5	5	1	0	2	2	0	0	2	5	2	4
ASV_1304	13	13	2	9	1	5	9	13	5	4	5	8	6	4	8	9	5	9
ASV_1305	2	5	3	6	5	4	8	9	3	4	6	9	10	2	5	2	3	5
ASV_1306	2	1	3	2	0	1	1	0	0	2	0	0	1	0	2	1	0	1
ASV_1307	1	0	1	0	4	0	1	3	0	3	3	0	1	1	4	0	1	1
ASV_1308	1	0	0	2	1	1	2	1	1	2	4	3	0	0	0	0	1	0
ASV_1309	6	5	8	3	2	2	4	3	1	1	3	1	2	3	2	5	6	6
ASV_131	0	8	0	1	0	6	34	55	17	1	52	34	2	6	1	41	18	22
ASV_1310	2	2	1	5	2	8	6	2	1	7	2	5	1	3	6	2	5	2
ASV_1311	1	1	1	3	5	0	1	2	0	0	0	0	2	0	0	0	0	0
ASV_1312	3	4	0	0	1	0	2	1	3	1	0	0	2	2	1	0	0	1
ASV_1313	1	0	0	2	2	4	1	1	4	0	4	1	2	3	5	3	0	1
ASV_1314	10	3	0	3	1	3	4	1	7	3	4	6	7	6	9	7	8	4
ASV_1315	3	2	0	0	0	0	1	10	0	0	0	0	1	0	0	0	0	0
ASV_1316	7	2	3	3	3	2	2	3	3	0	1	3	1	2	2	2	2	2
ASV_1317	1	2	1	2	0	0	4	4	0	0	1	0	1	2	2	2	1	2
ASV_1318	2	0	0	4	0	1	1	0	0	0	1	1	1	0	1	2	0	0
ASV_1319	6	1	0	0	1	0	1	6	2	1	1	2	4	0	3	0	3	1
ASV_132	16	24	12	24	19	12	14	4	12	11	23	11	15	13	20	12	16	13
ASV_1320	5	1	0	1	0	1	0	1	0	1	0	1	0	0	1	1	1	3
ASV_1321	2	2	2	0	1	1	2	1	1	1	4	1	1	0	1	0	0	0
ASV_1322	1	1	0	1	1	0	2	1	3	1	1	1	2	1	5	4	1	2
ASV_1323	2	2	1	2	0	0	5	3	3	4	1	3	0	1	1	1	1	2
ASV_1324	3	1	1	2	1	1	0	1	0	1	1	3	2	1	4	4	0	3
ASV_1325	4	1	6	0	0	0	2	0	3	1	0	5	1	0	2	1	2	2
ASV_1326	3	6	1	2	0	2	0	5	2	0	3	0	0	2	2	0	1	0
ASV_1327	1	1	0	1	2	4	3	2	2	0	3	2	2	5	2	0	1	1
ASV_1328	5	2	3	1	0	1	1	2	4	1	0	2	6	3	7	3	3	4
ASV_1329	1	1	0	0	0	3	2	2	0	1	2	0	2	2	1	1	0	3
ASV_133	16	15	23	32	20	23	7	9	19	12	13	17	16	15	9	18	30	13
ASV_1330	0	2	3	0	0	2	3	6	2	1	2	6	1	3	2	2	3	1
ASV_1331	0	2	0	0	4	3	1	3	0	0	1	3	0	3	4	2	0	2
ASV_1332	0	1	0	0	0	0	0	2	3	0	0	5	3	0	0	1	0	0
ASV_1333	0	6	1	1	2	2	2	1	1	1	3	6	2	3	0	0	1	0
ASV_1334	1	4	0	3	1	1	5	8	7	3	3	4	11	6	6	5	4	3
ASV_1335	1	2	0	0	1	1	3	1	1	4	3	3	1	0	0	3	4	0
ASV_1336	0	2	0	2	2	3	3	2	1	1	2	2	0	0	2	1	2	2
ASV_1337	2	4	2	2	0	1	4	1	2	0	1	1	1	0	1	0	1	0
ASV_1338	3	4	6	8	1	1	0	1	1	1	4	2	1	1	0	5	1	3
ASV_1339	2	1	1	0	0	0	0	0	0	0	0	0	1	9	0	0	0	1
ASV_134	14	24	9	23	16	15	12	11	7	19	17	10	12	19	11	26	18	11
ASV_1340	1	6	1	1	4	0	0	3	2	3	3	3	2	5	3	2	3	4
ASV_1341	0	4	0	2	0	0	2	0	0	0	0	0	0	0	0	7	1	1
ASV_1342	0	2	1	1	0	0	0	0	1	1	0	9	1	1	1	1	0	0
ASV_1343	1	1	0	2	0	0	4	0	3	0	0	0	2	1	0	0	1	1
ASV_1344	0	3	0	0	1	4	1	0	0	0	2	0	2	0	0	0	4	3
ASV_1345	0	2	2	0	1	1	2	0	0	2	0	2	2	1	0	2	0	3
ASV_1346	0	0	1	1	1	0	4	0	0	0	1	0	0	0	2	1	0	2
ASV_1347	1	3	4	0	1	1	7	9	4	3	3	2	4	1	3	1	0	1
ASV_1348	4	0	1	2	5	4	0	2	7	5	3	2	1	2	5	2	1	0
ASV_1349	0	0	15	0	0	0	0	0	0	0	0	0	0	0	1	0	0	0
ASV_135	20	18	26	10	6	23	12	11	22	11	14	6	21	12	11	13	22	17
ASV_1350	1	0	6	1	1	0	1	0	0	3	5	2	0	2	0	3	0	0
ASV_1351	2	1	2	2	0	2	3	0	1	2	1	1	1	3	2	2	3	4
ASV_1352	1	0	6	0	1	0	3	3	0	2	3	5	1	2	3	3	3	2
ASV_1353	1	0	1	5	3	2	0	0	0	1	0	0	0	0	0	1	0	3
ASV_1354	1	8	5	8	0	3	4	6	4	2	5	8	3	0	4	7	4	4
ASV_1355	3	0	0	3	3	2	7	0	1	5	1	3	0	2	2	2	3	4
ASV_1356	0	1	2	1	0	3	6	5	4	1	2	3	3	1	5	3	2	1
ASV_1357	0	2	0	2	2	1	2	0	4	0	1	0	0	2	0	1	0	2
ASV_1358	0	0	0	1	0	3	0	0	0	2	1	0	0	1	1	3	2	2
ASV_1359	2	0	1	1	1	0	4	0	0	0	0	0	0	4	0	0	7	2
ASV_136	14	7	11	13	22	11	10	6	12	17	11	7	21	21	9	9	18	15
ASV_1360	0	0	2	1	1	0	0	1	0	0	3	1	1	5	3	2	0	0
ASV_1361	0	0	1	0	4	3	1	5	1	0	3	2	0	1	0	1	0	1
ASV_1362	0	0	0	0	1	0	2	0	1	0	3	1	0	2	1	0	0	3
ASV_1363	1	0	0	0	2	1	1	0	1	2	4	0	2	1	5	4	2	5
ASV_1364	0	0	1	1	0	4	2	2	0	0	2	2	3	0	0	2	1	1
ASV_1365	0	1	1	0	2	4	3	4	2	2	5	1	1	2	3	3	2	1
ASV_1366	0	2	0	2	1	2	3	1	4	3	1	3	3	3	2	2	4	2
ASV_1367	0	0	0	1	1	4	4	4	0	3	19	1	1	3	0	10	0	0
ASV_1368	0	0	0	0	0	0	2	1	1	2	3	1	3	0	1	1	0	1
ASV_1369	0	1	1	0	1	0	3	1	3	1	3	3	2	1	0	1	0	3
ASV_137	0	0	0	0	5	0	5	71	1	0	133	0	0	0	0	25	0	4
ASV_1370	0	0	0	0	0	0	2	2	4	3	2	1	0	2	0	2	0	0
ASV_1371	1	0	0	0	0	0	0	2	2	1	1	9	2	1	4	3	0	2
ASV_1372	1	0	1	0	0	0	0	2	3	0	2	2	2	0	0	1	0	0
ASV_1373	6	1	0	2	1	0	5	1	0	1	3	4	1	2	2	2	1	1
ASV_1374	4	1	2	3	0	2	4	2	1	1	2	4	1	1	2	2	3	3
ASV_1375	5	4	0	1	1	2	1	2	1	0	4	3	3	7	2	1	0	2
ASV_1376	1	0	0	0	0	1	0	1	2	1	2	0	1	2	0	1	1	0
ASV_1377	2	3	1	3	0	2	0	3	1	2	2	2	7	2	2	1	3	3
ASV_1378	1	3	2	0	2	1	2	3	0	0	1	1	0	2	0	1	0	0
ASV_1379	4	4	5	1	0	1	4	6	7	4	2	1	1	3	3	2	0	2
ASV_138	8	23	10	14	2	25	6	22	13	23	13	13	32	19	15	4	14	25
ASV_1380	2	2	0	1	1	2	2	1	5	2	2	2	4	1	0	1	2	3
ASV_1381	1	1	1	2	3	4	1	0	0	0	0	0	1	1	0	3	2	2
ASV_1382	1	5	3	2	2	0	0	2	1	1	1	3	4	5	2	1	2	3
ASV_1383	1	1	0	0	0	2	2	0	0	0	2	1	0	0	2	0	2	0
ASV_1384	3	3	3	1	0	3	3	7	4	0	2	3	2	1	2	2	0	1
ASV_1385	1	2	4	0	0	1	5	2	0	2	1	2	2	2	1	0	1	1
ASV_1386	2	0	1	2	1	2	1	3	4	4	2	1	3	0	1	1	3	1
ASV_1387	3	0	1	1	4	1	2	1	6	4	0	1	2	1	0	2	0	0
ASV_1388	4	1	2	0	2	0	7	0	2	2	4	3	1	2	1	8	1	1
ASV_1389	6	1	0	0	2	2	1	1	2	2	2	2	1	2	1	4	1	1
ASV_139	15	17	32	6	7	7	14	13	17	4	13	19	13	14	18	22	13	16
ASV_1390	2	11	0	1	8	4	2	0	2	2	1	1	2	0	1	2	0	8
ASV_1391	1	0	1	2	0	1	0	0	1	0	3	0	2	1	0	0	0	1
ASV_1392	5	1	0	0	0	0	1	0	0	0	0	1	4	3	0	1	2	1
ASV_1393	5	0	1	1	0	0	2	0	2	4	4	1	2	1	1	0	1	4
ASV_1394	1	1	1	0	1	1	0	2	1	2	1	0	2	0	1	1	2	4
ASV_1395	4	4	1	2	2	3	5	8	4	5	3	8	2	4	2	1	1	5
ASV_1396	5	2	0	0	0	0	2	0	0	0	1	2	1	0	0	0	0	1
ASV_1397	10	2	1	0	2	0	1	1	4	0	0	1	1	0	1	1	1	0
ASV_1398	2	5	3	3	1	4	1	1	3	0	0	0	2	0	1	3	0	0
ASV_1399	2	1	1	1	2	3	8	2	2	1	1	2	4	5	4	2	2	1
ASV_14	67	61	120	122	201	108	66	178	166	108	179	66	139	101	152	97	186	189
ASV_140	13	13	12	19	33	18	13	12	7	11	11	6	6	15	20	14	19	7
ASV_1400	8	8	1	1	0	1	5	4	2	1	5	1	3	3	6	1	0	3
ASV_1401	1	0	2	2	0	0	0	1	1	1	3	0	1	0	0	2	0	0
ASV_1402	2	1	1	0	0	2	2	1	3	1	0	0	0	1	1	1	2	0
ASV_1403	4	0	0	1	2	1	1	3	1	2	3	1	1	0	3	1	1	2
ASV_1404	3	4	2	2	0	0	11	4	3	2	5	5	2	3	3	1	2	5
ASV_1405	7	2	1	2	3	3	0	2	1	1	1	1	0	1	1	2	2	0
ASV_1406	2	1	0	1	0	2	1	4	1	2	0	1	0	0	1	1	0	1
ASV_1407	3	1	0	0	4	1	1	5	0	1	2	1	1	2	1	0	0	1
ASV_1408	2	2	1	1	0	0	5	2	2	1	0	5	1	1	3	2	1	1
ASV_1409	1	1	0	1	0	0	0	2	2	1	1	1	0	0	1	0	1	1
ASV_141	10	4	45	9	25	10	6	18	7	12	18	7	2	6	6	18	32	13
ASV_1410	7	10	1	1	0	1	6	2	4	1	3	7	8	1	3	4	1	1
ASV_1411	0	1	0	1	2	1	0	1	0	1	3	1	2	1	2	0	1	0
ASV_1412	2	2	5	1	0	1	2	1	2	0	3	5	2	3	2	3	0	1
ASV_1413	1	3	2	2	1	0	3	1	0	0	0	4	2	0	0	0	0	2
ASV_1414	1	2	1	3	1	3	0	4	0	2	1	3	1	2	2	2	4	2
ASV_1415	1	2	0	0	1	0	0	1	0	1	0	0	2	0	1	3	3	3
ASV_1416	0	2	0	3	0	1	3	0	0	3	2	0	1	1	0	2	0	2
ASV_1417	0	15	0	0	0	0	0	0	0	0	0	0	0	0	0	0	0	11
ASV_1418	0	4	1	0	1	0	1	0	2	1	1	4	3	0	1	0	1	1
ASV_1419	1	4	3	3	1	2	1	1	1	2	2	1	1	2	3	6	3	1
ASV_142	15	23	16	3	5	9	13	8	15	7	18	20	12	6	19	13	4	21
ASV_1420	1	2	3	2	3	2	0	1	0	0	1	1	1	2	0	1	1	0
ASV_1421	1	5	0	3	0	2	6	8	4	2	1	2	0	4	4	1	1	3
ASV_1422	0	1	0	1	2	0	1	1	0	1	0	3	1	0	2	3	0	1
ASV_1423	0	2	1	3	0	5	2	3	2	2	4	3	1	3	3	3	2	2
ASV_1424	0	1	1	0	0	0	1	1	1	4	1	0	0	3	2	0	1	0
ASV_1425	0	2	2	0	1	4	2	1	2	0	3	0	0	2	2	2	1	1
ASV_1426	0	1	2	0	2	2	0	1	1	1	4	1	0	0	2	1	0	0
ASV_1427	0	3	1	1	4	2	0	3	0	0	1	1	1	0	0	1	0	0
ASV_1428	1	0	1	0	2	0	1	4	1	3	3	2	1	5	0	0	2	0
ASV_1429	0	0	2	3	0	0	0	1	0	0	0	1	1	0	9	1	0	0
ASV_143	16	5	5	11	23	9	18	10	14	17	12	12	9	10	23	30	14	10
ASV_1430	2	0	2	0	0	1	4	3	4	3	2	1	2	1	2	1	12	2
ASV_1431	1	1	1	0	0	0	4	9	3	1	0	3	2	1	4	0	1	3
ASV_1432	0	0	2	1	1	1	2	1	1	1	1	7	0	2	0	1	1	2
ASV_1433	0	0	2	0	1	0	0	1	0	0	2	0	3	2	0	0	1	1
ASV_1434	0	0	1	1	0	1	1	1	1	1	1	0	3	0	2	2	1	0
ASV_1435	0	0	2	1	1	0	0	3	1	1	4	0	1	0	1	1	0	1
ASV_1436	1	1	2	0	1	0	12	1	1	1	1	5	2	1	0	2	3	0
ASV_1437	1	2	3	3	3	4	6	2	3	3	3	4	3	0	0	4	0	2
ASV_1438	0	0	3	1	0	0	2	1	1	3	0	0	0	3	0	0	1	0
ASV_1439	0	1	1	0	0	0	2	0	0	0	0	1	1	5	1	3	3	5
ASV_144	19	9	2	4	5	6	10	12	22	16	17	13	14	5	35	18	20	13
ASV_1440	4	2	2	2	1	3	3	1	2	1	2	4	2	4	1	3	1	3
ASV_1441	0	2	1	1	0	8	5	2	0	0	3	5	1	1	1	1	0	0
ASV_1442	0	1	2	2	1	1	4	1	0	6	1	1	1	2	1	1	0	3
ASV_1443	5	1	5	12	3	2	4	3	1	1	3	4	4	2	4	8	4	2
ASV_1444	2	4	1	2	7	0	5	2	4	3	2	3	3	0	2	2	4	9
ASV_1445	5	1	1	5	3	1	2	2	2	7	2	1	2	3	5	4	1	2
ASV_1446	0	0	1	0	1	2	0	9	2	1	0	0	4	7	0	0	0	0
ASV_1447	1	1	0	0	1	1	4	2	1	0	1	4	1	1	3	1	0	1
ASV_1448	0	1	0	1	2	0	3	2	0	2	1	0	1	4	1	2	2	0
ASV_1449	0	0	0	3	2	1	1	1	0	2	1	0	1	3	2	1	0	2
ASV_145	4	24	21	5	8	38	2	19	6	11	20	23	4	3	11	29	7	11
ASV_1450	1	0	0	0	1	4	1	3	2	3	0	1	0	2	4	0	1	3
ASV_1451	0	3	0	0	1	4	1	2	0	1	2	0	0	0	0	1	0	1
ASV_1452	0	0	5	0	0	3	1	1	0	1	2	3	2	0	2	2	5	1
ASV_1453	0	1	1	3	0	3	4	3	2	2	3	2	1	2	2	2	2	7
ASV_1454	0	0	0	0	0	0	2	2	0	7	6	0	0	0	2	0	0	0
ASV_1455	0	0	0	0	0	0	5	2	0	1	1	1	1	1	2	0	0	0
ASV_1456	0	1	0	0	0	0	2	8	0	1	0	0	0	0	0	2	0	0
ASV_1457	0	0	0	0	0	0	2	3	2	1	2	0	2	0	2	1	1	1
ASV_1458	2	2	1	0	0	0	3	6	1	4	4	2	0	1	5	7	0	2
ASV_1459	1	0	0	0	0	0	0	0	2	4	0	0	1	0	1	2	2	2
ASV_146	11	1	12	10	3	9	3	4	14	9	12	10	10	23	21	31	18	17
ASV_1460	0	2	0	0	0	0	1	1	1	62	0	1	0	0	2	0	0	1
ASV_1461	1	0	0	1	0	1	1	0	2	1	1	1	0	0	0	1	0	1
ASV_1462	6	2	0	2	1	2	1	3	1	3	2	3	1	4	2	2	1	2
ASV_1463	2	1	2	0	0	1	2	2	0	1	0	1	3	0	1	0	0	0
ASV_1464	2	0	0	0	0	0	5	1	0	0	1	0	2	1	3	1	0	2
ASV_1465	4	6	1	2	1	9	8	4	3	4	3	6	4	2	4	5	1	1
ASV_1466	2	1	0	0	0	1	1	0	0	0	1	1	0	1	3	2	0	4
ASV_1467	1	0	2	1	0	2	0	0	1	0	0	0	0	0	1	2	0	0
ASV_1468	4	5	0	2	0	1	4	1	0	0	2	5	2	1	1	4	1	3
ASV_1469	1	0	4	0	1	3	0	0	0	1	1	2	3	3	1	1	2	0
ASV_147	28	22	22	22	25	23	1	6	6	13	4	3	10	19	6	7	5	14
ASV_1470	3	2	3	2	0	1	2	2	0	4	3	1	0	2	0	1	0	2
ASV_1471	3	0	5	0	0	2	6	0	2	0	1	1	1	4	1	0	2	1
ASV_1472	1	1	0	2	3	0	0	1	0	0	0	0	0	3	0	0	0	1
ASV_1473	3	4	0	9	1	0	0	1	2	2	2	1	1	1	0	2	1	1
ASV_1474	4	1	0	3	1	4	1	0	3	2	2	3	2	3	1	0	0	2
ASV_1475	6	1	0	0	0	3	5	2	4	3	3	7	3	1	5	2	2	0
ASV_1476	2	4	1	0	0	1	2	3	1	0	2	1	2	3	2	1	2	5
ASV_1477	2	0	0	0	0	1	1	0	0	1	2	0	0	1	0	1	3	2
ASV_1478	2	0	2	0	2	5	2	2	6	4	3	3	2	1	3	2	1	1
ASV_1479	1	2	0	0	0	1	1	0	3	1	3	0	2	1	0	0	1	2
ASV_148	3	13	9	25	32	4	6	10	4	12	8	7	16	9	15	13	32	26
ASV_1480	2	1	0	1	0	0	0	1	0	0	1	0	1	2	1	2	1	3
ASV_1481	2	0	0	0	4	1	0	0	0	0	0	5	1	1	0	4	6	4
ASV_1482	1	2	0	1	0	0	1	0	2	0	0	2	2	0	4	1	1	0
ASV_1483	2	0	1	3	0	2	1	0	1	1	0	0	2	0	0	0	0	0
ASV_1484	1	0	0	1	0	0	0	2	0	1	1	0	0	0	2	3	1	3
ASV_1485	1	4	3	0	1	2	0	2	2	2	2	3	0	0	1	0	1	2
ASV_1486	2	1	1	0	0	0	2	0	2	0	0	1	1	0	1	0	0	2
ASV_1487	3	8	0	10	2	3	6	5	1	7	4	1	4	1	1	1	0	7
ASV_1488	2	3	2	2	0	1	3	1	2	1	0	3	0	4	2	2	1	4
ASV_1489	4	3	2	2	2	1	2	1	2	2	3	2	2	0	0	1	2	1
ASV_149	9	22	8	8	13	18	8	7	12	20	4	5	16	7	35	16	19	12
ASV_1490	1	1	3	1	1	1	0	2	1	2	0	2	0	1	0	0	0	1
ASV_1491	6	0	0	0	14	0	0	0	1	1	0	0	3	0	0	0	1	0
ASV_1492	1	1	2	2	3	0	1	0	0	0	0	0	1	2	0	4	1	2
ASV_1493	2	2	2	0	2	0	1	4	1	2	2	1	2	3	1	8	1	3
ASV_1494	2	3	0	1	0	0	3	1	2	1	1	4	0	1	1	2	0	2
ASV_1495	1	2	4	2	0	0	3	2	8	1	3	7	2	0	0	9	1	5
ASV_1496	1	3	0	0	0	2	7	4	2	1	1	1	0	1	2	0	2	0
ASV_1497	4	3	3	3	4	15	7	1	0	2	3	1	5	2	9	1	6	2
ASV_1498	0	1	0	1	1	0	1	2	2	1	0	4	1	0	2	0	1	0
ASV_1499	1	7	3	3	1	3	0	0	1	3	2	3	3	1	0	7	7	1
ASV_15	102	150	148	131	135	144	139	102	99	89	139	133	93	86	114	138	116	122
ASV_150	16	15	8	12	5	15	17	10	14	19	13	9	3	14	18	7	11	28
ASV_1500	2	1	0	0	2	2	2	1	2	1	3	3	1	1	1	1	0	1
ASV_1501	0	1	3	1	0	4	1	1	3	1	1	5	0	0	2	0	0	1
ASV_1502	2	2	0	3	0	0	0	3	2	3	2	2	0	1	2	1	0	2
ASV_1503	2	2	2	1	1	0	0	4	1	2	1	3	0	1	1	0	0	1
ASV_1504	1	4	0	0	0	2	1	3	2	3	0	1	3	0	0	0	3	1
ASV_1505	0	1	0	0	1	1	2	2	1	1	0	1	2	2	0	0	1	0
ASV_1506	3	6	1	4	0	1	1	2	5	0	5	2	5	3	2	1	0	3
ASV_1507	0	3	2	0	0	0	2	0	0	2	1	2	4	1	2	1	4	0
ASV_1508	3	3	2	4	0	0	0	3	3	2	1	2	0	1	1	0	0	2
ASV_1509	1	1	1	0	0	0	3	1	4	2	4	0	3	5	1	2	6	1
ASV_151	13	2	3	6	3	0	32	19	15	15	16	10	9	16	20	23	8	16
ASV_1510	0	1	1	2	1	4	3	1	0	0	4	3	2	2	1	2	2	2
ASV_1511	0	2	1	0	1	1	1	0	3	1	0	2	1	0	2	0	2	5
ASV_1512	0	5	1	1	0	4	6	1	4	0	0	3	3	2	4	0	1	0
ASV_1513	0	1	0	0	0	1	3	3	0	0	1	0	0	0	0	0	2	2
ASV_1514	1	1	1	0	0	1	1	3	1	1	2	1	2	1	1	1	0	0
ASV_1515	2	3	3	0	1	4	1	3	0	0	1	3	4	0	0	1	0	4
ASV_1516	1	1	0	3	1	2	1	2	2	1	4	1	1	1	1	1	1	2
ASV_1517	0	1	0	2	0	0	1	0	2	0	0	0	0	3	0	1	0	1
ASV_1518	4	4	1	5	2	2	0	3	1	4	1	1	0	1	2	0	2	2
ASV_1519	1	4	1	0	0	0	3	0	0	0	1	2	0	0	2	0	0	2
ASV_152	15	10	14	11	14	19	10	10	11	8	13	17	15	19	25	17	19	18
ASV_1520	0	1	0	1	1	1	1	2	1	0	0	0	0	1	0	1	0	0
ASV_1521	0	14	4	0	4	1	0	2	3	1	4	1	0	0	0	0	0	2
ASV_1522	0	1	2	1	0	1	0	0	0	1	1	1	3	1	0	0	4	1
ASV_1523	0	4	2	3	0	0	0	5	1	0	1	1	1	1	1	2	2	4
ASV_1524	0	1	3	0	2	0	0	0	4	1	1	0	3	2	0	1	0	2
ASV_1525	0	1	0	0	0	0	1	1	2	0	0	0	0	0	1	5	1	0
ASV_1526	0	1	0	2	0	1	2	0	1	3	0	1	2	1	3	27	2	3
ASV_1527	4	11	3	4	0	4	5	10	15	5	2	9	2	2	4	6	3	7
ASV_1528	0	1	0	1	0	0	2	0	2	2	0	1	1	0	1	2	2	1
ASV_1529	1	2	0	0	0	1	1	3	1	4	0	16	0	1	1	0	1	0
ASV_153	10	26	4	21	11	8	12	8	10	14	9	17	24	15	11	24	3	5
ASV_1530	0	1	4	1	2	1	0	0	0	0	0	1	0	0	0	3	2	0
ASV_1531	0	3	6	1	0	1	11	7	5	0	3	9	3	4	4	3	0	0
ASV_1532	1	1	3	0	0	0	1	3	2	1	3	2	0	1	1	0	1	5
ASV_1533	6	2	5	1	2	2	5	2	19	3	6	7	4	0	4	5	2	4
ASV_1534	3	0	3	0	1	2	2	1	2	2	2	2	2	0	3	1	3	0
ASV_1535	0	1	1	2	0	1	4	0	0	4	2	1	0	0	1	3	0	1
ASV_1536	1	0	8	3	1	0	3	0	0	1	0	1	1	1	0	1	3	0
ASV_1537	0	0	2	3	0	1	4	0	0	0	0	0	0	1	1	1	1	1
ASV_1538	0	0	2	2	0	3	0	1	0	1	0	1	0	2	2	1	1	1
ASV_1539	0	0	1	0	0	0	0	2	1	1	0	2	2	1	0	0	0	2
ASV_154	4	6	1	1	2	0	7	19	9	10	8	2	2	2	16	122	26	1
ASV_1540	1	2	3	1	0	2	1	1	0	1	1	1	1	0	2	2	0	2
ASV_1541	0	0	3	0	2	1	3	0	2	0	0	0	1	0	0	0	0	0
ASV_1542	0	2	1	0	0	0	3	1	3	2	3	2	0	5	2	0	2	4
ASV_1543	1	2	0	1	0	1	3	0	2	1	4	2	1	1	3	1	2	2
ASV_1544	0	0	1	1	1	0	0	0	0	0	3	0	0	3	0	0	1	2
ASV_1545	0	0	0	2	0	1	0	2	0	1	1	0	2	0	1	3	2	0
ASV_1546	3	2	1	5	2	1	8	7	1	2	5	7	0	2	6	3	5	1
ASV_1547	0	0	0	2	1	3	1	0	1	0	0	0	1	0	3	3	1	1
ASV_1548	0	0	0	1	0	1	0	0	1	0	4	1	1	1	0	2	1	1
ASV_1549	0	1	1	0	3	1	2	3	2	4	3	0	4	0	3	0	0	0
ASV_155	17	10	5	15	15	15	15	15	10	22	10	8	17	10	12	11	16	8
ASV_1550	2	2	1	0	1	2	1	1	1	0	0	2	4	1	3	2	2	1
ASV_1551	0	0	0	0	1	0	1	1	0	0	7	2	0	0	0	5	0	0
ASV_1552	0	0	1	0	2	0	0	0	1	1	2	1	2	0	2	1	0	1
ASV_1553	0	2	0	0	1	0	2	1	1	1	0	1	2	1	0	2	5	0
ASV_1554	0	0	0	0	1	0	0	1	0	0	2	1	2	2	2	1	0	1
ASV_1555	1	0	2	0	4	0	2	1	1	0	0	1	0	0	13	0	4	3
ASV_1556	1	3	0	0	5	2	4	3	4	2	3	2	1	0	3	1	7	4
ASV_1557	2	0	0	0	2	1	2	1	1	1	0	0	16	0	0	2	1	2
ASV_1558	0	0	0	0	0	2	2	2	4	0	1	1	3	2	0	1	2	2
ASV_1559	0	0	0	0	0	1	0	0	0	0	0	2	3	1	1	4	0	0
ASV_156	13	12	6	7	5	10	41	16	22	32	19	59	5	4	10	2	3	5
ASV_1560	0	3	3	5	0	4	2	4	1	2	5	3	0	1	5	1	5	4
ASV_1561	1	1	4	0	0	1	2	2	3	2	3	9	1	5	2	2	4	1
ASV_1562	2	2	3	1	1	1	7	3	2	1	5	7	2	2	6	2	2	0
ASV_1563	0	1	0	0	0	0	2	0	1	1	1	4	2	1	0	0	0	0
ASV_1564	0	0	0	0	0	0	1	0	0	1	2	2	1	1	0	0	1	5
ASV_1565	0	1	0	0	0	0	4	0	1	2	2	1	2	3	3	2	2	3
ASV_1566	0	0	0	1	0	0	0	1	1	1	2	2	0	1	1	2	2	0
ASV_1567	0	2	0	1	0	0	5	14	3	4	1	3	4	3	3	2	2	2
ASV_1568	1	1	0	0	0	1	4	20	0	5	2	0	0	0	0	2	1	0
ASV_1569	2	1	0	1	0	2	4	4	3	2	3	2	1	1	2	2	0	7
ASV_157	13	22	20	6	9	28	16	8	3	7	14	8	8	14	7	13	22	10
ASV_1570	0	0	0	1	0	0	1	0	0	26	0	0	0	0	0	0	0	0
ASV_1571	0	0	0	0	0	0	0	1	0	1	0	1	1	2	0	0	4	2
ASV_158	11	4	2	6	17	10	25	16	4	10	7	9	28	18	13	5	5	22
ASV_159	14	17	8	28	2	8	14	20	11	6	6	8	11	7	15	11	8	23
ASV_16	82	82	171	102	54	73	68	93	218	113	79	57	159	115	81	114	287	128
ASV_160	5	16	9	14	6	10	9	14	14	12	21	21	14	9	12	14	14	14
ASV_161	15	22	25	8	23	17	25	7	12	12	20	14	5	9	9	14	5	13
ASV_162	14	20	10	4	2	9	27	9	18	8	15	25	19	3	14	6	9	16
ASV_163	0	11	0	0	0	1	2	1	7	121	5	3	10	5	7	22	1	3
ASV_164	3	11	72	21	8	17	17	8	11	7	6	1	4	10	11	4	8	10
ASV_165	12	9	17	8	5	12	17	12	15	14	11	16	5	16	17	15	3	18
ASV_166	30	26	2	10	7	8	17	10	17	17	9	8	14	9	16	9	4	13
ASV_167	6	20	10	3	5	11	10	15	21	10	11	7	10	10	24	20	11	12
ASV_168	1	1	0	210	0	1	3	9	2	4	0	7	0	1	0	1	1	0
ASV_169	2	53	0	6	12	4	16	14	8	5	2	13	24	5	28	6	7	7
ASV_17	161	102	133	162	158	205	57	41	78	75	84	56	121	95	99	108	104	90
ASV_170	10	17	15	24	23	16	10	5	15	8	11	10	10	9	8	13	11	5
ASV_171	6	46	15	2	1	8	6	1	31	2	1	30	19	11	0	8	0	16
ASV_172	13	16	28	13	3	17	18	9	15	13	10	17	12	9	13	7	7	9
ASV_173	8	8	19	8	19	11	6	8	12	13	11	7	8	13	6	15	9	8
ASV_174	11	13	8	2	4	10	16	14	10	13	11	18	13	14	16	15	9	12
ASV_175	12	11	5	13	5	16	8	12	11	8	27	10	13	10	1	8	8	5
ASV_176	7	9	25	22	21	12	6	3	16	11	9	5	7	8	9	12	9	7
ASV_177	10	13	16	13	7	18	17	14	7	7	9	17	7	10	19	9	10	10
ASV_178	9	1	27	15	21	5	4	23	2	8	16	7	10	5	4	5	21	16
ASV_179	3	6	6	120	5	4	10	2	2	3	3	6	4	3	1	10	3	3
ASV_18	77	104	68	90	55	85	87	57	78	133	108	69	142	185	72	98	185	90
ASV_180	38	6	14	10	40	37	2	3	6	5	7	0	9	7	5	5	5	7
ASV_181	7	20	4	6	21	19	10	9	2	19	7	5	10	9	10	9	11	13
ASV_182	6	8	31	16	9	44	8	3	5	9	5	10	4	3	7	12	16	4
ASV_183	14	4	16	13	16	32	9	3	11	9	14	13	3	18	7	12	15	9
ASV_184	24	3	6	1	11	5	7	38	2	31	12	9	1	8	4	0	5	4
ASV_185	6	12	7	8	3	5	16	11	11	13	6	9	26	11	12	7	27	16
ASV_186	13	25	1	15	4	10	11	17	13	11	11	8	4	13	12	25	7	15
ASV_187	8	15	8	7	10	6	5	23	15	9	15	12	13	17	9	14	8	6
ASV_188	23	12	18	21	16	17	7	4	18	7	4	5	23	11	9	5	16	8
ASV_189	27	10	13	7	34	10	5	2	4	7	3	3	11	7	6	4	4	14
ASV_19	84	244	42	57	48	102	64	76	43	58	143	73	119	35	187	36	50	59
ASV_190	18	8	16	23	11	30	2	2	4	6	9	14	8	6	6	7	12	4
ASV_191	6	5	0	3	0	5	10	8	11	15	22	6	12	25	11	19	4	6
ASV_192	11	1	24	6	35	14	8	13	3	4	7	2	27	6	8	11	22	13
ASV_193	5	0	7	14	2	3	18	8	11	6	3	22	28	28	10	6	7	4
ASV_194	2	6	1	51	13	26	16	8	3	8	4	3	3	2	11	14	2	2
ASV_195	17	12	12	18	3	17	34	10	25	15	20	24	14	20	25	23	26	33
ASV_196	11	14	8	6	5	11	11	12	14	16	5	18	10	4	24	10	6	18
ASV_197	11	12	32	30	3	14	12	8	3	6	7	3	2	4	9	12	2	6
ASV_198	8	17	2	7	12	4	6	5	7	9	6	8	11	5	15	9	10	13
ASV_199	8	6	11	6	15	9	4	4	7	4	11	3	12	19	6	9	10	8
ASV_2	647	406	848	776	1022	614	243	167	407	438	347	236	438	534	263	376	491	419
ASV_20	60	143	25	100	66	60	27	57	14	70	42	37	82	100	31	38	574	45
ASV_200	12	12	4	8	14	11	22	11	5	7	12	17	5	3	16	9	11	14
ASV_201	11	4	10	13	23	12	7	10	12	11	3	6	6	6	6	12	12	6
ASV_202	10	13	25	1	10	5	6	12	6	13	12	7	20	4	23	13	4	8
ASV_203	14	6	3	4	11	12	13	4	6	13	15	5	12	15	12	4	7	5
ASV_204	1	7	0	13	22	6	14	38	6	31	18	39	1	2	9	6	13	10
ASV_205	6	10	16	22	10	6	7	5	17	7	8	8	10	10	14	11	8	10
ASV_206	8	11	15	14	6	8	9	11	6	12	6	10	9	3	15	10	9	9
ASV_207	7	18	6	25	2	18	10	9	10	5	11	6	5	9	9	7	5	4
ASV_208	13	10	12	16	10	11	9	14	5	9	8	3	10	8	2	9	9	11
ASV_209	5	24	12	9	11	11	11	6	6	3	9	8	6	4	8	10	10	12
ASV_21	46	119	73	44	38	48	75	71	61	54	77	71	75	110	64	94	141	73
ASV_210	12	18	7	11	3	8	14	10	9	12	9	14	10	3	7	11	3	8
ASV_211	6	12	0	61	7	13	2	7	4	4	5	6	5	4	26	3	0	7
ASV_212	12	23	4	12	3	3	10	20	8	7	15	7	16	3	9	8	2	4
ASV_213	12	19	9	23	18	15	11	12	4	8	8	11	9	6	9	11	9	9
ASV_214	6	6	3	0	2	13	10	10	6	4	5	9	16	0	3	13	32	20
ASV_215	9	6	2	3	9	7	5	2	9	7	1	0	49	5	4	10	29	13
ASV_216	2	6	10	14	23	8	7	6	5	12	10	2	9	39	5	6	17	5
ASV_217	4	4	5	4	2	1	8	5	13	13	7	12	8	19	14	14	15	5
ASV_218	6	2	4	31	12	2	1	3	34	14	1	2	8	12	5	2	13	4
ASV_219	12	6	17	12	13	5	5	4	15	6	5	8	10	9	5	10	8	2
ASV_22	60	55	181	168	148	80	38	26	47	31	43	53	40	93	39	76	43	44
ASV_220	5	16	8	7	7	11	13	11	5	6	10	6	4	6	11	14	5	22
ASV_221	38	0	1	3	40	0	5	1	4	0	1	5	5	1	32	8	1	4
ASV_222	7	18	8	7	3	6	18	17	10	10	10	17	8	4	8	4	8	9
ASV_223	7	9	8	6	2	6	15	7	2	8	15	8	4	11	10	9	11	11
ASV_224	14	12	8	5	7	7	6	5	6	8	8	8	7	13	9	16	9	8
ASV_225	8	14	19	4	2	4	14	16	8	11	10	7	10	16	19	16	2	18
ASV_226	6	5	11	12	10	9	4	4	9	9	9	4	7	12	17	10	8	12
ASV_227	3	15	0	0	21	25	2	22	3	4	3	2	2	15	14	6	1	3
ASV_228	6	2	11	5	6	2	12	5	9	12	9	4	4	3	9	6	1	18
ASV_229	8	11	8	4	13	12	5	4	8	7	9	10	10	12	10	10	8	2
ASV_23	45	46	397	24	8	19	107	61	31	66	67	50	54	11	99	86	75	132
ASV_230	8	9	5	2	3	6	2	8	5	7	14	18	34	4	8	7	10	10
ASV_231	5	12	7	6	2	6	11	18	8	8	9	4	16	8	12	7	7	12
ASV_232	5	0	1	1	0	3	18	10	13	12	10	9	11	18	8	10	9	9
ASV_233	25	6	1	0	12	2	13	6	9	12	4	15	4	0	13	2	2	5
ASV_234	3	9	17	5	20	13	7	9	3	13	9	4	11	20	5	6	13	1
ASV_235	8	8	18	8	17	14	6	8	6	6	13	8	9	6	10	3	9	12
ASV_236	10	15	6	6	7	13	11	8	13	8	12	11	14	8	12	5	4	10
ASV_237	15	10	14	13	10	23	5	1	7	3	3	2	6	9	5	6	6	7
ASV_238	7	22	21	5	2	9	4	8	20	10	6	9	6	9	10	15	18	6
ASV_239	8	12	16	6	31	7	8	10	4	5	3	3	6	9	4	5	6	6
ASV_24	41	153	165	37	65	103	27	29	22	46	66	15	60	76	43	177	51	46
ASV_240	7	6	7	8	14	15	6	4	21	6	2	6	16	10	6	4	10	5
ASV_241	14	10	13	5	3	6	13	3	2	13	13	8	3	8	14	7	4	8
ASV_242	8	6	2	5	9	5	8	2	4	5	9	10	11	7	16	6	19	11
ASV_243	10	1	17	2	1	6	5	4	8	10	17	7	6	10	11	6	7	12
ASV_244	9	4	4	2	3	3	7	9	5	9	12	8	11	11	9	4	12	6
ASV_245	3	8	2	5	5	4	5	3	4	1	26	6	36	8	8	4	8	7
ASV_246	12	8	3	2	6	22	31	6	5	4	16	20	5	7	5	5	10	5
ASV_247	13	36	4	4	1	9	8	21	7	6	3	7	9	9	7	4	2	4
ASV_248	2	15	6	10	3	4	8	8	9	9	9	12	7	9	6	6	15	6
ASV_249	5	3	1	6	5	1	6	30	20	40	4	3	9	6	7	5	2	9
ASV_25	68	71	111	91	86	79	86	61	43	65	63	77	54	62	75	47	61	63
ASV_250	6	9	6	12	5	3	12	6	17	8	6	15	8	7	11	4	4	14
ASV_251	10	11	4	8	8	8	10	11	8	5	14	7	8	19	12	22	5	6
ASV_252	12	6	1	1	3	7	16	12	11	23	11	32	1	1	5	3	0	4
ASV_253	5	12	25	2	2	6	14	9	11	3	9	13	5	3	12	5	12	12
ASV_254	10	8	5	9	11	11	6	4	4	7	6	8	7	7	3	8	10	6
ASV_255	2	5	13	23	8	7	11	5	1	4	4	9	4	15	10	7	6	8
ASV_256	8	22	7	4	2	4	6	9	5	14	6	6	13	6	5	11	7	5
ASV_257	8	9	7	10	5	15	3	3	7	4	9	12	11	10	13	4	2	6
ASV_258	10	4	12	12	12	13	1	8	5	5	7	5	2	18	6	3	11	5
ASV_259	6	8	8	5	6	3	6	9	6	4	5	8	22	9	9	9	1	5
ASV_26	62	67	50	135	15	8	65	97	100	40	67	46	155	27	52	34	4	224
ASV_260	13	4	41	2	2	3	8	11	12	5	4	11	6	2	4	1	1	12
ASV_261	7	4	6	6	3	8	14	10	12	14	14	13	7	5	12	6	4	12
ASV_262	4	12	7	3	2	1	2	2	44	5	9	4	2	4	2	4	17	11
ASV_263	11	5	7	5	6	1	11	5	7	7	8	16	10	11	12	8	4	12
ASV_264	3	5	6	4	11	1	3	2	9	6	3	6	9	23	5	6	8	12
ASV_265	5	7	13	13	11	7	12	4	5	4	9	6	5	7	7	6	8	12
ASV_266	19	16	9	3	13	16	29	16	16	13	19	32	5	3	9	7	11	12
ASV_267	7	7	2	5	0	8	7	10	9	3	10	9	3	3	12	11	4	8
ASV_268	7	8	9	12	9	10	7	12	5	6	11	9	10	9	6	6	9	13
ASV_269	10	4	5	4	3	7	7	21	4	6	4	8	5	3	2	5	5	11
ASV_27	60	83	66	41	53	76	104	46	51	43	62	78	67	60	73	69	44	82
ASV_270	10	9	9	3	2	8	6	12	13	3	8	17	15	3	4	11	2	6
ASV_271	9	5	4	2	2	7	4	20	9	10	14	15	8	3	5	16	3	9
ASV_272	8	9	6	8	6	3	9	4	6	4	13	8	9	8	17	5	16	13
ASV_273	5	3	3	8	36	5	2	1	5	0	9	4	16	6	5	3	2	1
ASV_274	14	5	11	10	16	5	2	4	1	5	10	7	5	7	5	9	4	9
ASV_275	6	2	7	9	6	7	9	9	4	5	8	9	9	7	6	4	7	4
ASV_276	9	13	3	8	9	7	7	3	10	2	5	2	10	8	5	6	3	9
ASV_277	8	13	6	10	4	9	8	10	6	6	8	6	5	7	4	11	7	8
ASV_278	3	5	9	8	3	6	9	4	9	6	8	7	5	7	8	12	11	13
ASV_279	7	15	24	8	13	13	1	4	2	6	6	1	3	1	7	5	5	7
ASV_28	77	84	19	142	41	58	48	86	29	72	77	39	113	91	62	80	65	56
ASV_280	2	13	10	9	3	4	16	5	10	6	9	10	12	3	11	12	7	5
ASV_281	7	7	9	4	19	4	6	9	4	2	3	4	0	3	14	8	6	6
ASV_282	6	14	7	10	4	5	5	8	5	3	7	11	15	2	12	8	2	8
ASV_283	8	5	22	6	17	12	3	18	4	1	5	1	6	6	5	1	7	1
ASV_284	6	4	6	8	17	8	4	4	6	5	6	3	8	11	9	4	7	5
ASV_285	15	8	6	18	13	9	7	8	9	6	8	6	6	4	2	4	9	5
ASV_286	8	10	5	4	1	6	10	11	13	5	8	5	8	5	11	7	6	8
ASV_287	16	5	3	2	5	5	7	3	8	7	9	13	8	25	4	16	6	9
ASV_288	4	3	12	6	4	15	4	9	2	17	4	11	3	2	6	10	3	4
ASV_289	5	7	8	6	4	8	8	7	4	3	3	3	4	3	9	13	4	10
ASV_29	66	54	55	105	20	89	59	79	82	75	90	50	85	72	68	59	88	40
ASV_290	12	5	5	10	1	2	5	4	3	8	13	1	2	9	17	9	8	7
ASV_291	4	2	3	1	7	0	16	4	4	10	9	10	3	1	6	23	0	3
ASV_292	8	5	4	4	3	8	3	9	10	6	3	10	3	3	7	11	5	9
ASV_293	3	10	26	0	0	12	0	2	2	10	2	5	3	21	7	17	5	1
ASV_294	6	10	5	4	9	9	10	5	4	4	9	3	3	2	9	8	2	3
ASV_295	8	9	4	11	4	3	4	8	8	1	5	7	6	4	5	5	3	12
ASV_296	5	6	3	12	8	8	4	2	11	5	4	2	6	6	9	4	7	5
ASV_297	3	2	0	1	1	1	11	7	7	8	11	8	7	3	9	6	3	10
ASV_298	9	7	4	6	6	5	7	11	3	7	15	7	6	13	9	4	7	3
ASV_299	7	5	5	1	1	7	6	16	5	6	8	12	2	9	7	10	3	5
ASV_3	209	171	367	291	441	304	211	151	365	365	312	239	326	631	355	415	411	272
ASV_30	73	73	49	41	27	56	91	58	61	52	80	92	69	66	95	93	55	103
ASV_300	2	6	3	7	18	8	3	10	12	8	2	12	8	2	10	4	2	7
ASV_301	4	4	12	9	7	9	9	4	6	1	13	9	3	12	7	11	1	1
ASV_302	7	10	0	1	0	6	5	10	20	12	3	11	5	0	2	0	3	26
ASV_303	2	0	2	1	23	0	3	0	16	1	26	0	22	1	10	1	1	0
ASV_304	6	0	0	3	2	0	0	8	3	21	19	7	0	7	2	17	3	4
ASV_305	5	10	21	4	10	7	2	11	3	2	3	5	4	1	6	4	5	5
ASV_306	9	9	5	3	5	16	9	3	0	3	3	14	4	8	4	6	5	14
ASV_307	2	8	7	10	8	8	5	5	2	10	3	5	3	4	15	5	6	8
ASV_308	9	6	2	7	3	3	2	4	6	12	4	12	3	5	11	9	9	3
ASV_309	4	2	6	15	14	6	2	1	6	2	3	3	1	18	2	4	5	1
ASV_31	41	35	125	74	124	74	48	57	27	53	65	29	58	83	33	66	112	70
ASV_310	12	9	9	10	22	5	2	7	3	8	9	6	9	6	4	2	7	8
ASV_311	4	6	26	6	6	4	2	7	3	6	4	6	4	5	3	9	3	5
ASV_312	4	9	15	4	0	0	17	1	5	6	5	3	0	14	2	14	4	10
ASV_313	14	7	2	11	1	8	14	13	6	8	10	16	8	8	8	6	5	10
ASV_314	7	3	3	1	5	10	10	7	4	5	5	9	5	9	13	6	4	3
ASV_315	11	7	13	22	16	4	9	10	0	3	4	7	5	2	8	4	6	2
ASV_316	9	14	4	3	20	3	0	1	5	2	4	4	0	23	2	1	4	3
ASV_317	5	7	12	1	8	11	10	6	6	7	5	7	4	4	17	9	2	9
ASV_318	3	10	5	3	2	2	11	9	9	5	7	6	5	5	7	9	10	8
ASV_319	3	2	3	4	3	12	1	5	10	14	4	17	14	2	6	16	11	8
ASV_32	49	56	72	63	65	54	47	25	50	67	59	53	57	68	67	75	65	83
ASV_320	13	11	68	6	2	6	8	9	5	6	2	7	2	5	4	6	3	5
ASV_321	0	5	2	7	6	5	11	4	3	10	4	3	2	9	7	10	9	3
ASV_322	4	14	11	14	7	6	13	19	5	11	6	13	18	7	11	10	15	4
ASV_323	3	5	3	4	4	3	7	9	5	9	6	21	1	3	0	1	22	3
ASV_324	4	1	6	2	7	2	6	2	6	3	6	4	1	10	8	9	5	13
ASV_325	9	5	14	11	16	9	5	1	2	2	3	5	4	6	5	4	2	4
ASV_326	8	2	0	0	1	2	10	2	12	8	10	6	8	6	10	9	1	11
ASV_327	3	6	4	7	1	1	22	9	6	6	7	5	5	15	4	9	1	5
ASV_328	20	1	28	3	1	2	1	3	4	4	6	11	0	4	6	11	1	1
ASV_329	6	3	11	11	3	10	5	1	6	3	9	8	10	7	4	5	8	8
ASV_33	64	35	44	67	78	95	55	37	72	105	51	36	59	75	63	47	46	53
ASV_330	11	7	2	13	6	5	4	4	7	3	4	4	5	5	12	8	5	3
ASV_331	4	2	10	8	8	10	5	3	2	6	5	5	7	3	2	5	8	3
ASV_332	6	8	17	7	3	13	3	4	5	5	4	3	6	2	11	4	4	2
ASV_333	2	8	3	3	1	5	4	3	1	7	3	3	4	6	3	8	1	35
ASV_334	1	7	4	23	5	5	7	1	0	5	4	1	3	4	14	4	7	6
ASV_335	5	1	4	6	5	1	1	6	5	7	7	6	10	4	4	8	4	5
ASV_336	4	9	22	4	7	6	3	8	7	7	3	4	4	7	7	7	6	4
ASV_337	7	3	0	7	7	13	4	5	2	3	9	2	2	6	5	9	2	9
ASV_338	3	4	3	3	17	1	2	5	3	8	5	7	8	4	6	4	2	8
ASV_339	5	3	2	2	2	5	2	0	3	1	12	1	4	31	6	2	13	2
ASV_34	71	50	57	47	30	58	80	53	46	65	57	81	64	68	80	46	46	71
ASV_340	6	9	15	2	10	3	1	5	2	8	4	5	4	1	3	5	10	9
ASV_341	6	6	3	6	1	1	8	11	9	4	5	6	13	3	7	8	8	3
ASV_342	7	1	1	1	4	3	11	13	7	10	4	2	2	8	10	5	8	5
ASV_343	6	6	3	4	0	5	10	3	8	3	8	12	5	1	4	5	5	6
ASV_344	9	11	1	9	0	4	13	10	5	4	5	7	7	3	7	5	4	3
ASV_345	18	0	0	12	5	3	24	6	10	11	12	11	5	2	1	6	3	5
ASV_346	8	10	2	8	8	10	2	4	7	5	7	12	8	7	8	3	6	3
ASV_347	6	5	13	4	7	24	1	12	1	6	7	5	1	5	4	1	2	4
ASV_348	8	16	6	3	5	7	1	2	8	0	2	2	7	4	3	6	8	2
ASV_349	4	7	5	2	6	1	7	6	1	4	16	3	7	4	8	3	8	6
ASV_35	30	78	36	76	10	21	60	35	47	70	62	34	104	122	80	85	78	44
ASV_350	10	13	7	3	7	16	6	2	5	2	4	4	2	10	7	4	9	5
ASV_351	7	3	32	2	1	1	4	5	3	1	1	7	2	2	4	6	1	3
ASV_352	0	24	1	6	0	4	4	9	8	1	5	3	5	13	9	10	0	4
ASV_353	6	6	5	5	6	9	9	7	3	1	6	6	6	6	5	1	4	5
ASV_354	13	1	3	2	27	8	1	0	3	2	0	3	2	4	5	4	9	4
ASV_355	5	0	4	3	12	6	5	1	11	8	5	4	12	9	6	10	6	3
ASV_356	4	1	3	8	21	5	1	3	4	4	18	1	5	2	7	7	5	6
ASV_357	7	3	10	8	12	31	4	3	1	4	7	7	9	8	4	2	0	2
ASV_358	2	2	17	4	14	5	3	6	5	1	8	2	1	5	6	3	9	8
ASV_359	14	13	7	10	10	12	10	7	9	6	10	12	8	6	8	5	7	4
ASV_36	57	30	30	89	69	113	24	14	98	61	39	31	87	120	48	57	55	33
ASV_360	5	2	4	10	10	5	1	2	8	6	10	3	3	9	6	8	10	6
ASV_361	3	5	9	10	3	7	7	6	4	7	10	9	4	3	7	3	1	5
ASV_362	3	7	3	4	5	7	5	8	5	6	6	7	14	9	5	15	2	5
ASV_363	3	3	2	6	3	3	4	6	0	7	4	4	4	7	12	6	8	5
ASV_364	4	10	6	3	2	4	8	5	9	7	10	10	3	7	3	7	3	12
ASV_365	1	3	4	2	1	4	9	4	6	8	10	8	5	5	8	1	5	6
ASV_366	2	1	6	4	7	3	5	4	6	5	4	6	3	4	9	5	5	4
ASV_367	5	13	3	6	6	1	9	1	5	5	6	8	5	6	2	4	5	3
ASV_368	5	7	5	5	3	5	8	6	7	5	7	5	3	3	8	4	7	1
ASV_369	3	4	7	5	8	6	8	4	2	7	8	4	4	7	5	5	14	6
ASV_37	46	31	42	23	50	37	70	45	42	42	73	70	44	70	99	64	76	85
ASV_370	1	4	9	3	8	2	1	2	5	6	13	2	2	3	16	4	5	11
ASV_371	9	4	5	5	7	5	3	7	4	5	3	7	6	7	5	3	3	8
ASV_372	4	9	2	8	5	3	6	3	4	4	1	2	9	2	5	6	4	3
ASV_373	5	0	1	0	0	0	0	0	47	2	0	0	24	0	0	0	0	0
ASV_374	1	17	2	2	6	15	4	5	2	4	1	6	0	1	1	21	2	6
ASV_375	6	11	5	10	1	5	10	8	6	10	4	12	4	8	7	8	2	8
ASV_376	2	11	1	8	1	3	3	12	1	3	1	3	10	6	10	1	1	1
ASV_377	8	7	6	5	2	2	12	5	0	4	6	15	7	6	3	4	1	13
ASV_378	5	10	1	6	0	2	7	14	16	15	3	1	6	0	2	11	0	13
ASV_379	10	4	3	2	2	8	7	4	5	9	6	7	4	1	4	5	4	3
ASV_38	86	56	60	105	114	142	16	15	41	22	46	33	46	51	33	52	51	42
ASV_380	3	3	1	0	4	3	13	2	12	5	3	13	3	0	4	4	3	8
ASV_381	3	1	1	1	1	1	13	7	8	6	2	7	5	9	5	5	4	7
ASV_382	15	5	5	0	3	7	9	8	1	3	5	9	3	1	4	2	5	4
ASV_383	1	8	26	11	0	1	6	4	3	6	4	3	3	10	2	3	2	6
ASV_384	7	3	8	11	3	2	14	8	4	6	11	8	6	3	4	4	0	10
ASV_385	5	8	8	2	4	6	7	5	6	5	6	6	3	7	1	7	3	10
ASV_386	1	4	4	4	3	7	5	3	8	5	5	6	3	1	8	4	6	5
ASV_387	4	9	7	7	7	16	4	2	4	1	6	3	4	7	3	4	4	2
ASV_388	5	7	1	7	7	4	8	4	5	3	4	9	5	5	2	4	4	3
ASV_389	2	3	3	2	1	1	3	3	20	6	1	4	7	5	6	10	2	5
ASV_39	36	84	96	37	69	42	30	46	32	39	54	32	40	78	58	72	17	61
ASV_390	4	3	3	0	2	3	2	1	1	2	41	11	1	6	6	4	1	1
ASV_391	11	4	2	8	2	4	3	9	3	6	7	5	9	5	8	8	8	12
ASV_392	8	5	11	3	2	7	6	3	1	3	11	6	2	4	9	0	4	3
ASV_393	1	8	4	2	0	3	5	11	8	3	3	8	5	3	7	1	3	3
ASV_394	5	3	0	0	1	6	9	3	4	2	3	3	2	1	3	0	25	14
ASV_395	2	2	7	8	13	4	1	0	0	1	21	5	1	1	2	6	4	7
ASV_396	9	12	2	5	15	3	1	9	6	4	5	5	11	4	8	7	1	5
ASV_397	1	2	6	3	3	2	2	4	6	4	8	5	7	7	6	0	4	7
ASV_398	2	8	4	2	4	4	17	7	12	5	4	4	2	6	8	7	2	2
ASV_399	4	4	0	2	9	5	7	4	0	4	3	4	0	1	6	20	1	6
ASV_4	489	141	180	254	478	173	203	193	133	206	214	129	360	472	196	192	391	290
ASV_40	38	41	17	22	14	49	174	72	100	103	41	182	20	8	21	13	8	24
ASV_400	6	0	0	0	0	31	3	4	0	0	4	19	2	0	2	26	0	1
ASV_401	4	2	1	5	7	6	1	2	6	6	3	0	8	9	2	5	8	5
ASV_402	3	8	3	6	1	2	6	8	5	1	2	6	6	4	1	6	8	9
ASV_403	3	3	4	7	16	12	3	10	1	6	3	0	3	5	1	4	4	3
ASV_404	3	7	18	0	3	5	5	4	4	4	4	1	1	2	4	12	2	6
ASV_405	7	9	2	5	9	3	2	6	8	5	3	4	4	5	6	3	3	3
ASV_406	2	6	8	7	4	5	5	4	7	1	5	6	4	8	7	4	6	5
ASV_407	7	7	2	3	3	4	9	3	4	4	3	1	5	2	4	3	3	5
ASV_408	8	2	5	3	6	5	1	2	6	3	2	13	3	2	3	1	8	3
ASV_409	5	6	0	4	21	7	4	8	1	2	3	2	5	11	1	3	2	4
ASV_41	61	55	66	70	141	76	24	33	36	38	37	29	28	61	32	51	39	47
ASV_410	2	6	18	8	4	1	5	7	1	8	7	1	3	1	3	1	6	6
ASV_411	8	4	2	4	3	4	6	5	0	4	8	9	1	6	6	3	2	5
ASV_412	5	2	4	4	9	5	1	12	0	1	6	2	0	1	1	2	3	8
ASV_413	3	3	4	7	10	2	2	1	3	1	5	2	4	5	5	5	8	1
ASV_414	3	3	2	1	11	3	3	7	1	8	9	2	3	2	6	6	6	5
ASV_415	7	8	6	6	4	4	8	4	9	4	16	5	9	4	6	4	4	16
ASV_416	2	2	3	18	1	2	8	0	3	8	1	7	1	1	8	1	4	8
ASV_417	4	4	1	4	4	22	3	2	5	2	8	4	5	0	7	1	2	6
ASV_418	2	8	1	1	3	3	9	6	2	4	9	5	2	2	5	3	6	2
ASV_419	9	14	3	7	6	7	10	5	12	4	2	12	3	4	4	7	5	5
ASV_42	41	20	22	82	49	66	12	12	68	51	32	44	74	206	21	45	54	31
ASV_420	5	4	1	0	0	7	8	1	3	3	6	9	4	3	5	0	3	4
ASV_421	7	10	1	2	1	5	1	7	9	7	6	2	2	3	2	4	3	5
ASV_422	6	7	6	6	6	6	5	3	4	7	6	5	3	4	9	2	5	3
ASV_423	5	3	0	8	7	3	9	5	4	8	4	2	3	0	1	2	2	7
ASV_424	8	12	8	2	1	2	7	13	3	7	7	4	3	3	6	4	4	10
ASV_425	2	5	5	4	6	13	5	3	2	9	6	5	1	2	7	5	2	5
ASV_426	19	1	3	6	0	2	5	1	1	5	2	12	4	1	2	4	5	3
ASV_427	5	4	4	2	7	21	12	4	2	3	5	7	4	1	4	2	3	4
ASV_428	1	5	4	5	7	4	5	4	6	3	8	1	4	6	7	12	4	7
ASV_429	3	7	6	18	15	6	1	0	1	1	1	2	3	3	2	1	6	5
ASV_43	1	10	1	15	49	2	15	86	4	44	54	34	300	16	7	13	90	43
ASV_430	0	4	0	1	0	0	1	3	2	5	1	8	1	37	0	8	0	0
ASV_431	1	10	7	1	34	1	1	0	2	1	1	10	3	2	0	0	3	2
ASV_432	7	5	1	1	6	4	3	2	3	8	4	2	9	1	3	4	4	9
ASV_433	2	6	5	6	3	3	0	7	6	2	3	4	4	3	25	3	2	0
ASV_434	1	6	5	4	1	2	7	7	4	12	0	5	3	5	6	6	7	3
ASV_435	2	9	1	3	1	6	3	2	2	6	2	8	2	1	7	6	3	6
ASV_436	5	3	2	2	1	5	17	6	8	2	6	5	3	1	10	3	5	5
ASV_437	3	1	5	1	5	3	6	4	4	2	4	3	2	2	3	7	4	4
ASV_438	5	7	6	4	0	2	7	3	1	3	6	4	2	3	11	1	4	2
ASV_439	8	16	0	1	3	0	2	6	1	3	4	12	3	2	3	3	9	7
ASV_44	34	79	72	47	71	27	30	32	33	21	45	41	62	43	47	100	29	35
ASV_440	23	20	3	0	0	3	6	4	3	4	3	8	2	3	0	0	1	2
ASV_441	2	2	2	7	5	3	3	2	2	6	2	6	1	6	4	7	4	2
ASV_442	4	0	4	3	0	2	6	4	7	2	6	3	8	5	5	0	8	3
ASV_443	4	12	2	1	5	2	5	3	0	3	4	4	7	3	4	1	1	4
ASV_444	12	5	0	6	2	5	6	4	10	13	4	9	4	4	7	4	3	7
ASV_445	7	6	10	2	2	1	6	1	4	2	3	5	4	9	9	5	4	6
ASV_446	3	8	0	7	32	0	1	4	3	4	1	1	1	5	0	6	3	4
ASV_447	11	2	1	0	18	2	0	17	0	0	7	2	1	2	1	0	2	1
ASV_448	3	6	1	2	1	2	1	1	8	5	4	4	3	7	5	3	5	2
ASV_449	3	3	5	6	3	2	3	3	1	0	4	5	3	13	3	3	1	2
ASV_45	59	37	83	81	141	54	19	11	37	31	34	17	46	72	22	20	54	29
ASV_450	2	5	6	9	10	2	3	3	0	2	1	5	2	5	3	4	3	1
ASV_451	0	21	1	4	1	1	2	6	4	4	3	1	1	5	5	5	1	0
ASV_452	3	3	2	2	1	2	6	8	8	3	4	7	5	1	3	0	2	4
ASV_453	2	1	2	0	10	5	5	7	2	4	10	5	1	1	2	4	4	8
ASV_454	4	3	9	4	3	10	8	5	4	1	5	7	3	5	10	5	9	8
ASV_455	5	10	8	4	1	1	6	3	2	6	0	7	4	7	7	2	2	5
ASV_456	2	4	2	7	3	3	3	2	2	0	4	4	5	3	5	6	5	3
ASV_457	2	9	2	3	2	4	5	4	1	1	5	3	11	3	8	3	10	6
ASV_458	1	0	0	1	1	0	1	4	1	3	19	1	3	0	1	0	3	20
ASV_459	2	2	1	7	3	3	8	2	1	3	6	2	4	6	3	8	2	4
ASV_46	45	19	59	43	65	36	60	54	43	40	65	74	18	21	37	46	59	34
ASV_460	0	12	4	4	0	2	4	8	3	8	4	5	8	3	10	2	6	12
ASV_461	2	2	9	5	10	1	2	3	2	6	3	0	6	4	3	2	4	2
ASV_462	3	7	5	2	1	11	6	10	5	9	5	9	1	2	2	0	1	6
ASV_463	5	5	3	3	3	3	7	2	2	2	3	3	4	4	6	7	2	5
ASV_464	3	4	13	3	0	0	9	1	0	9	9	12	2	1	7	5	7	7
ASV_465	4	2	8	1	4	2	4	1	5	8	3	4	2	2	3	12	3	5
ASV_466	2	4	5	4	6	5	4	1	4	0	4	6	4	5	4	7	3	4
ASV_467	6	3	6	11	3	3	0	1	3	2	1	0	3	2	1	7	10	0
ASV_468	1	4	8	3	6	6	3	3	4	3	5	4	3	3	6	9	4	2
ASV_469	13	1	7	7	8	13	3	1	4	2	1	2	1	4	2	6	4	6
ASV_47	47	47	62	60	67	72	38	34	42	34	47	33	38	40	45	52	45	54
ASV_470	11	5	0	0	0	2	10	1	5	2	6	10	6	2	2	0	5	1
ASV_471	7	0	2	4	3	3	1	1	4	10	3	7	0	11	11	11	2	4
ASV_472	1	8	3	1	4	4	4	4	2	4	4	2	9	2	3	3	3	1
ASV_473	3	11	4	8	5	4	6	3	5	3	2	3	8	3	2	2	2	4
ASV_474	0	5	3	6	0	4	10	6	5	4	5	1	1	0	1	3	1	1
ASV_475	1	18	0	0	2	2	9	5	2	3	4	7	3	2	1	1	2	2
ASV_476	0	1	0	0	0	1	0	8	30	2	3	3	1	1	2	2	2	1
ASV_477	3	4	1	4	0	2	5	3	3	3	11	6	4	0	0	0	1	1
ASV_478	4	4	5	9	5	3	3	7	1	0	3	7	5	2	7	4	5	5
ASV_479	6	0	1	3	1	4	7	2	8	4	1	1	20	1	3	1	4	0
ASV_48	38	37	26	47	17	38	57	35	64	49	52	35	39	53	41	52	47	59
ASV_480	6	7	4	5	3	4	9	4	6	5	6	9	4	3	6	2	6	7
ASV_481	11	6	2	0	2	4	7	2	0	6	6	1	1	2	2	3	12	0
ASV_482	1	5	2	8	1	9	6	6	4	1	6	5	7	2	5	10	1	9
ASV_483	2	1	7	4	1	6	4	1	1	5	2	7	2	0	5	5	2	4
ASV_484	8	2	3	1	3	1	1	0	2	5	7	4	3	0	5	5	0	12
ASV_485	3	5	3	8	1	5	6	4	4	3	5	4	4	8	3	4	1	1
ASV_486	1	10	1	1	1	1	9	8	11	2	3	8	4	5	7	3	2	2
ASV_487	9	3	8	6	8	9	6	4	5	2	6	3	4	3	7	2	6	7
ASV_488	3	4	1	4	6	4	4	2	6	6	6	4	6	1	0	0	4	3
ASV_489	2	1	1	1	12	2	1	3	2	0	6	2	2	4	4	4	8	3
ASV_49	57	37	223	3	15	27	10	11	135	116	11	5	14	18	25	8	19	9
ASV_490	3	3	1	7	8	2	2	1	3	3	5	4	2	2	4	2	2	4
ASV_491	9	4	4	4	1	4	6	2	9	3	8	9	1	3	8	1	5	5
ASV_492	2	3	2	4	4	7	4	0	1	3	2	6	2	3	6	4	4	1
ASV_493	3	7	2	0	3	1	11	10	10	4	5	0	3	3	1	6	4	0
ASV_494	2	2	1	1	1	0	6	0	9	4	4	4	2	5	5	10	3	4
ASV_495	3	4	3	1	1	1	3	6	2	5	6	3	4	2	3	2	7	2
ASV_496	2	4	1	3	3	4	3	1	5	3	9	7	5	4	4	5	1	0
ASV_497	6	1	6	1	3	2	6	5	4	1	6	7	3	3	2	1	4	11
ASV_498	7	12	2	3	2	18	13	8	7	6	2	7	4	2	2	4	11	10
ASV_499	1	1	3	3	18	7	2	0	1	5	5	4	1	3	0	5	3	4
ASV_5	17	44	74	12	56	62	471	299	262	138	382	513	514	441	367	251	552	136
ASV_50	38	70	55	48	23	36	41	49	41	35	49	25	34	26	48	55	32	61
ASV_500	2	3	5	8	2	4	7	1	2	4	7	4	4	7	4	2	0	3
ASV_501	5	6	2	3	8	4	4	10	3	3	1	7	1	3	49	1	0	4
ASV_502	1	3	1	5	1	8	3	4	5	0	5	5	0	7	1	4	5	4
ASV_503	2	2	1	7	4	1	2	7	0	3	5	4	3	0	2	3	1	7
ASV_504	4	0	8	1	6	4	2	6	5	6	1	1	4	2	5	4	1	3
ASV_505	5	9	5	2	4	3	4	9	0	2	2	5	4	2	7	3	5	1
ASV_506	5	4	4	8	4	5	3	2	8	5	4	5	4	10	2	5	9	3
ASV_507	5	4	6	5	3	2	12	1	2	5	4	7	2	3	3	3	3	4
ASV_508	2	2	1	0	2	4	7	4	4	2	7	7	3	4	4	8	8	7
ASV_509	4	5	1	4	2	6	2	5	2	5	3	2	1	3	2	3	2	6
ASV_51	37	72	71	18	17	35	43	35	26	19	30	42	57	23	49	88	53	57
ASV_510	0	6	3	3	1	3	4	1	6	4	4	3	1	2	6	5	1	6
ASV_511	2	1	8	5	2	3	6	11	3	2	1	1	0	4	6	3	8	5
ASV_512	3	0	0	0	0	2	1	12	0	8	0	1	6	0	0	1	15	2
ASV_513	16	17	5	12	1	7	7	15	11	5	6	14	15	7	10	10	13	6
ASV_514	4	2	11	2	2	10	6	2	1	7	0	6	1	0	6	0	2	2
ASV_515	2	1	0	0	1	3	5	2	4	8	1	0	0	1	10	1	0	7
ASV_516	4	4	1	2	8	1	4	1	2	3	5	4	2	1	9	5	2	7
ASV_517	4	2	1	2	1	4	8	1	4	1	6	4	4	5	3	1	5	6
ASV_518	3	2	3	5	0	1	7	3	2	4	3	2	4	7	3	3	7	2
ASV_519	2	3	4	3	5	5	8	1	7	2	1	5	4	3	5	5	1	4
ASV_52	28	41	72	26	22	33	37	42	65	28	57	33	39	81	47	40	44	70
ASV_520	2	2	1	4	1	3	7	4	3	4	11	4	3	1	12	3	1	3
ASV_521	4	3	3	4	1	2	8	2	8	2	15	2	3	1	5	1	1	3
ASV_522	1	4	0	1	3	4	4	4	1	4	14	14	1	0	1	0	5	0
ASV_523	4	9	8	4	3	1	7	15	8	9	15	4	4	2	9	8	7	3
ASV_524	1	2	4	1	1	2	3	3	5	2	2	4	1	5	6	5	3	4
ASV_525	3	2	0	1	2	0	3	9	5	5	5	2	5	1	2	3	2	2
ASV_526	1	4	1	4	1	6	3	2	4	3	3	5	2	3	2	4	0	1
ASV_527	5	6	3	4	3	1	0	7	0	3	5	3	8	4	2	2	2	2
ASV_528	2	2	3	0	6	1	3	5	2	4	2	0	1	4	6	5	0	7
ASV_529	4	3	3	3	0	2	3	5	5	1	3	5	5	1	2	5	6	3
ASV_53	15	15	34	14	129	20	77	51	24	37	31	12	66	29	48	42	26	86
ASV_530	2	8	4	3	0	1	5	5	5	5	9	5	7	4	6	4	4	4
ASV_531	0	37	2	1	1	0	4	0	9	0	1	1	0	0	0	0	0	9
ASV_532	1	7	4	6	5	4	9	6	3	3	7	4	7	1	7	4	3	6
ASV_533	0	10	2	2	0	3	9	8	3	4	3	9	7	2	5	5	12	3
ASV_534	1	1	2	5	0	0	7	4	4	4	2	5	5	3	5	3	3	5
ASV_535	0	2	1	1	1	3	4	12	2	15	7	21	1	2	1	2	1	1
ASV_536	1	1	0	6	2	1	2	3	5	1	3	6	0	2	1	2	1	9
ASV_537	11	7	0	6	0	0	7	4	1	0	8	4	0	0	4	0	1	2
ASV_538	2	32	0	2	0	3	4	2	0	1	1	1	0	2	1	1	2	0
ASV_539	4	1	2	3	1	1	1	9	5	4	1	2	21	1	5	5	0	2
ASV_54	41	23	46	126	81	98	14	6	42	18	22	21	56	76	28	45	39	43
ASV_540	8	5	3	1	3	3	6	2	4	2	6	4	0	3	10	1	3	5
ASV_541	3	7	2	1	12	1	3	13	6	3	2	2	6	6	2	3	3	5
ASV_542	2	4	1	3	2	4	1	1	3	2	5	2	5	2	2	6	1	3
ASV_543	2	5	2	1	4	0	1	2	2	4	3	4	4	4	4	2	4	4
ASV_544	1	2	2	0	0	1	6	6	2	3	6	3	4	2	5	2	1	5
ASV_545	5	1	5	6	2	4	0	3	1	5	6	6	2	3	9	3	1	1
ASV_546	8	6	2	4	1	2	2	7	4	1	3	5	1	4	7	1	4	4
ASV_547	3	6	10	0	1	9	3	0	4	7	1	0	3	1	2	0	2	1
ASV_548	2	5	2	4	3	4	2	4	2	6	4	4	0	5	1	3	7	2
ASV_549	0	3	1	2	1	1	0	12	7	6	6	2	2	0	6	1	2	2
ASV_55	47	102	39	31	62	52	49	49	18	42	32	40	35	9	27	11	43	32
ASV_550	3	6	7	9	9	2	4	1	4	1	4	4	2	1	0	2	1	5
ASV_551	3	2	9	1	1	2	1	1	2	1	3	1	6	1	6	4	1	6
ASV_552	4	4	10	4	4	3	4	13	2	6	3	5	7	2	12	4	10	2
ASV_553	0	3	0	0	0	0	7	21	8	2	1	5	4	6	4	1	1	0
ASV_554	9	4	5	7	10	4	8	8	0	4	5	12	2	15	5	6	6	2
ASV_555	1	4	2	0	5	3	4	0	4	2	3	6	1	6	4	0	2	6
ASV_556	3	3	3	0	0	0	6	4	4	10	3	4	4	4	8	7	2	3
ASV_557	3	4	3	2	5	5	6	1	3	6	5	6	6	6	3	3	5	5
ASV_558	3	3	2	5	1	1	1	2	4	2	4	7	4	4	2	3	3	9
ASV_559	6	1	9	11	3	1	3	4	0	4	2	6	2	0	4	6	1	1
ASV_56	6	17	33	31	31	21	40	13	30	36	37	25	34	80	63	43	48	35
ASV_560	4	1	8	5	3	2	2	2	0	2	4	1	7	2	4	1	1	3
ASV_561	2	0	0	0	0	0	2	1	7	0	0	0	1	0	0	38	1	3
ASV_562	6	2	3	4	2	1	6	0	2	6	5	4	2	5	4	1	0	2
ASV_563	6	7	3	11	7	3	2	7	4	2	2	3	8	3	3	2	3	3
ASV_564	5	4	0	4	2	5	4	2	9	1	4	11	0	2	4	4	7	3
ASV_565	6	1	0	3	3	3	8	2	7	2	2	2	5	2	3	9	1	1
ASV_566	9	4	6	4	2	3	6	7	0	2	2	4	6	6	2	5	4	5
ASV_567	0	1	5	5	2	5	3	1	5	1	1	3	3	7	1	2	4	1
ASV_568	0	2	2	3	3	1	1	6	1	3	3	1	1	5	4	3	2	5
ASV_569	3	6	5	2	4	0	7	5	5	5	3	5	2	4	2	2	0	5
ASV_57	26	31	39	30	55	45	24	22	30	31	44	36	40	44	50	50	40	54
ASV_570	3	2	1	6	3	3	4	0	4	5	4	0	0	18	1	2	20	2
ASV_571	0	0	0	0	0	0	49	2	0	0	0	0	0	0	1	3	0	1
ASV_572	4	0	0	1	1	0	20	1	5	6	1	2	6	3	7	3	1	3
ASV_573	5	9	2	2	7	5	1	4	3	4	2	2	1	2	5	2	0	4
ASV_574	3	2	2	1	3	9	2	0	2	0	6	4	2	2	5	9	2	1
ASV_575	1	12	0	1	0	3	2	6	2	4	3	4	1	9	3	1	4	3
ASV_576	3	3	0	5	4	3	3	1	5	2	4	3	1	4	6	5	2	4
ASV_577	6	3	1	2	3	5	6	5	5	6	4	2	2	3	2	2	2	3
ASV_578	4	3	1	5	2	3	3	0	2	2	1	5	7	5	2	3	0	4
ASV_579	11	13	4	4	0	5	9	7	11	7	4	2	4	6	5	5	6	9
ASV_58	45	35	46	64	65	41	35	29	12	42	38	22	33	31	32	22	30	34
ASV_580	2	2	7	0	6	20	2	2	1	0	1	0	0	0	1	1	1	3
ASV_581	2	3	0	6	0	4	5	1	2	4	6	5	2	2	5	1	3	3
ASV_582	6	3	4	4	4	0	4	5	1	3	6	1	1	4	3	1	3	8
ASV_583	2	5	1	8	3	5	3	2	5	3	5	3	0	0	2	11	1	2
ASV_584	7	5	3	2	1	3	7	5	3	4	5	6	1	4	3	2	3	1
ASV_585	4	4	3	5	0	2	3	5	2	2	1	7	3	3	1	2	2	2
ASV_586	3	1	1	3	1	0	6	1	6	5	0	3	4	3	6	2	1	2
ASV_587	4	13	0	2	2	5	3	5	6	6	6	5	2	4	3	2	2	7
ASV_588	4	3	5	3	2	15	2	3	1	0	4	3	2	4	2	5	1	2
ASV_589	3	10	2	3	4	4	4	11	4	1	2	7	4	2	8	1	4	4
ASV_59	28	36	45	55	75	50	19	17	28	25	19	16	29	28	22	30	35	35
ASV_590	7	1	0	3	0	5	14	3	5	4	7	3	1	2	9	2	6	13
ASV_591	0	0	1	0	5	4	2	3	1	1	11	1	1	5	5	0	18	0
ASV_592	1	0	10	2	2	2	4	4	2	2	3	5	3	1	3	7	4	4
ASV_593	5	2	3	3	0	3	5	5	1	2	0	3	2	1	5	1	4	3
ASV_594	4	1	10	0	7	1	0	2	5	8	5	3	1	5	6	2	1	5
ASV_595	6	4	2	4	2	3	4	3	1	1	6	5	4	3	4	6	4	5
ASV_596	5	4	2	2	2	3	12	7	4	4	6	8	6	9	3	7	3	2
ASV_597	4	2	0	0	0	2	3	7	1	3	0	4	3	0	4	4	4	4
ASV_598	5	1	8	0	0	5	4	2	5	1	3	3	7	2	2	5	6	2
ASV_599	2	4	0	1	0	1	2	6	2	3	2	8	8	3	3	6	1	3
ASV_6	287	226	293	301	481	358	88	92	110	137	132	133	175	185	150	176	152	156
ASV_60	23	28	23	24	66	24	48	30	19	40	20	12	36	51	37	40	20	46
ASV_600	0	1	2	5	4	2	7	8	1	2	4	6	2	0	1	4	7	6
ASV_601	0	0	0	0	0	6	0	4	1	1	17	4	0	0	2	1	8	0
ASV_602	0	0	1	0	0	0	51	0	0	0	0	0	0	0	0	0	0	0
ASV_603	1	0	5	0	1	0	0	5	0	32	3	8	1	1	1	2	0	1
ASV_604	3	5	1	2	2	2	1	6	4	2	2	3	12	4	1	3	1	4
ASV_605	2	3	2	11	1	13	0	3	10	1	3	2	2	3	3	1	3	0
ASV_606	6	6	9	0	1	2	2	2	0	1	1	1	2	2	0	4	5	1
ASV_607	9	9	2	0	1	0	5	5	0	4	2	1	18	1	2	0	3	3
ASV_608	3	7	0	3	6	3	3	4	1	4	5	1	6	3	2	6	6	2
ASV_609	4	17	7	1	3	6	10	15	5	7	5	25	4	3	6	7	13	2
ASV_61	27	39	13	20	14	12	65	45	39	38	42	49	44	27	38	33	20	26
ASV_610	0	0	2	0	0	3	4	7	2	1	2	7	2	0	10	4	0	0
ASV_611	0	4	0	24	0	21	1	1	1	1	0	4	1	0	6	6	0	1
ASV_612	1	5	2	0	1	2	2	23	0	2	12	4	0	1	0	1	2	13
ASV_613	3	2	0	5	5	0	1	2	0	2	3	2	3	6	1	2	2	1
ASV_614	3	7	4	4	5	4	4	6	1	4	8	2	9	9	5	20	5	8
ASV_615	1	5	2	0	1	7	0	2	4	3	5	2	2	4	10	2	2	5
ASV_616	3	0	0	1	0	1	11	4	2	5	7	7	8	4	4	4	6	4
ASV_617	3	2	0	2	0	1	7	3	3	4	4	8	4	1	3	0	4	4
ASV_618	3	0	2	5	3	3	1	2	2	3	2	1	1	3	3	1	1	3
ASV_619	5	2	0	1	1	4	4	3	4	1	1	3	4	4	2	3	3	4
ASV_62	32	41	37	46	44	38	30	48	37	23	53	18	34	40	34	27	40	29
ASV_620	3	22	10	1	0	0	0	0	1	1	0	1	0	0	0	3	0	4
ASV_621	3	1	2	3	3	7	2	6	3	5	3	6	1	0	1	3	2	0
ASV_622	6	1	1	0	9	1	4	6	0	4	3	0	0	0	0	3	1	0
ASV_623	2	5	1	3	2	5	0	5	1	4	2	4	2	2	6	0	2	1
ASV_624	2	2	4	5	0	5	5	2	1	4	6	2	3	5	5	4	3	3
ASV_625	3	7	9	0	10	5	3	7	2	3	2	1	3	1	6	3	2	4
ASV_626	0	2	0	0	0	1	4	4	3	6	1	3	3	3	4	7	0	5
ASV_627	1	5	0	1	0	0	4	6	2	5	3	2	3	1	7	1	3	2
ASV_628	2	4	0	3	1	1	2	3	5	1	4	8	5	2	3	5	0	3
ASV_629	6	7	8	7	6	3	4	10	3	4	8	2	4	1	4	9	5	4
ASV_63	11	8	9	7	17	13	45	36	25	148	35	117	11	6	2	12	30	17
ASV_630	3	5	3	1	2	6	1	0	1	4	4	2	4	3	1	6	4	3
ASV_631	3	0	1	0	0	0	4	1	3	3	3	2	3	1	4	7	3	0
ASV_632	3	2	5	9	1	1	1	2	0	1	4	4	0	2	1	3	2	8
ASV_633	6	4	3	3	2	2	1	7	9	5	3	1	6	6	8	3	2	3
ASV_634	2	0	13	0	3	9	0	1	2	4	4	0	6	7	0	0	4	1
ASV_635	1	1	1	2	1	0	2	3	3	3	2	3	0	6	2	3	0	4
ASV_636	5	1	1	1	0	0	2	0	2	3	0	0	3	4	5	9	2	2
ASV_637	3	5	1	3	0	4	8	5	2	3	3	9	4	1	0	1	1	1
ASV_638	6	4	0	0	0	5	10	11	2	2	4	5	1	1	1	3	8	1
ASV_639	3	3	2	4	0	7	4	3	2	4	2	1	3	3	1	2	1	1
ASV_64	32	31	34	41	29	31	29	28	23	19	86	21	23	33	32	25	28	36
ASV_640	0	1	3	4	1	2	4	1	1	5	7	4	0	3	3	1	1	5
ASV_641	0	1	6	3	1	1	4	5	1	5	1	2	1	0	6	5	1	4
ASV_642	0	6	1	0	0	1	8	15	5	1	5	8	2	1	1	6	0	0
ASV_643	1	3	6	4	0	2	3	5	1	4	4	4	8	4	0	3	2	1
ASV_644	2	1	1	3	4	4	3	3	0	2	7	2	3	4	1	4	4	4
ASV_645	2	3	6	5	6	2	7	0	0	0	3	2	1	5	3	4	2	2
ASV_646	3	3	8	1	3	7	2	1	3	3	1	3	2	7	2	5	1	2
ASV_647	4	1	0	0	1	0	2	4	3	5	1	3	1	0	0	22	0	5
ASV_648	2	4	1	1	4	2	5	3	1	1	1	3	3	0	5	1	1	8
ASV_649	2	1	1	1	1	2	2	1	7	7	3	1	1	5	3	2	2	3
ASV_65	9	4	1	434	0	7	10	11	9	11	13	2	26	2	2	12	3	13
ASV_650	6	3	0	1	8	5	4	0	4	1	2	1	0	0	3	11	3	1
ASV_651	2	0	2	2	1	0	1	4	3	1	1	4	3	4	5	5	4	2
ASV_652	4	0	2	2	0	0	3	2	1	5	5	4	2	1	3	2	3	3
ASV_653	7	2	2	8	0	3	3	7	4	2	5	1	4	0	0	2	5	2
ASV_654	4	1	5	3	1	4	3	1	1	0	4	4	3	3	0	2	2	1
ASV_655	1	2	0	4	0	6	2	4	2	3	4	4	0	2	3	1	1	0
ASV_656	1	8	2	6	4	4	2	2	1	2	2	4	5	0	3	3	4	2
ASV_657	1	5	1	0	0	2	3	2	3	3	1	5	1	1	3	2	0	5
ASV_658	1	3	4	3	2	1	3	4	2	3	3	2	1	3	3	4	0	5
ASV_659	0	2	0	2	1	2	1	0	1	1	2	0	1	2	6	0	14	3
ASV_66	29	35	48	48	43	45	22	15	21	21	28	16	30	44	25	27	56	19
ASV_660	0	0	2	0	11	0	0	3	2	3	6	2	5	4	3	2	0	1
ASV_661	0	1	0	3	4	2	1	3	2	7	5	1	3	1	0	4	1	3
ASV_662	6	2	8	1	2	2	3	2	1	3	3	5	2	2	1	1	1	2
ASV_663	3	3	1	2	0	7	5	6	3	1	2	8	2	3	5	2	1	0
ASV_664	1	2	7	2	2	8	0	1	1	1	3	2	2	3	2	4	4	0
ASV_665	12	3	1	0	0	0	4	2	7	2	1	2	3	1	1	3	2	1
ASV_666	9	2	1	1	0	0	4	2	1	4	2	2	0	3	4	12	0	5
ASV_667	3	3	1	2	0	1	4	2	2	3	0	5	2	1	1	0	6	1
ASV_668	14	4	5	7	4	3	2	1	1	1	0	1	1	1	0	1	3	1
ASV_669	2	4	10	1	3	2	2	4	0	1	5	1	0	4	3	5	2	3
ASV_67	22	24	65	51	76	52	18	19	22	20	25	26	21	30	13	28	37	38
ASV_670	7	0	0	0	3	4	6	5	0	2	5	1	0	0	2	3	3	2
ASV_671	7	3	4	2	0	3	5	3	3	4	3	0	2	1	3	1	1	3
ASV_672	4	1	8	2	1	1	7	6	2	1	0	4	2	3	1	1	3	3
ASV_673	2	1	0	1	1	1	4	4	0	3	4	4	0	6	5	10	7	1
ASV_674	2	4	2	3	3	1	1	3	1	0	2	5	2	1	3	1	1	2
ASV_675	2	4	3	2	5	4	6	0	2	2	3	0	4	3	2	6	3	4
ASV_676	3	4	2	0	2	0	4	2	1	2	2	6	3	1	3	1	0	7
ASV_677	3	0	0	0	1	0	18	2	10	1	1	2	0	0	1	0	0	3
ASV_678	3	1	3	5	3	0	3	3	10	2	2	5	3	5	2	1	2	9
ASV_679	4	3	5	5	3	10	0	1	2	3	0	9	1	1	3	3	1	3
ASV_68	42	30	48	46	64	46	19	13	11	21	33	26	34	32	14	28	21	39
ASV_680	0	4	0	0	0	0	0	0	1	1	0	3	0	0	1	0	0	37
ASV_681	1	2	2	2	0	2	4	3	5	1	9	3	1	1	3	5	4	8
ASV_682	0	7	2	1	0	0	5	8	7	1	5	5	4	3	4	2	5	1
ASV_683	1	1	2	0	1	1	10	3	2	5	4	3	4	3	5	1	0	3
ASV_684	0	1	0	2	0	1	5	19	7	2	0	2	0	2	1	4	0	4
ASV_685	6	10	0	5	7	3	5	8	6	3	5	6	3	4	3	5	4	2
ASV_686	4	3	0	4	3	9	6	1	0	5	5	8	2	3	1	2	1	3
ASV_687	1	3	3	0	2	1	1	3	2	2	1	4	3	4	5	1	2	2
ASV_688	3	2	5	4	5	4	6	3	2	3	8	5	5	3	3	3	4	2
ASV_689	2	5	3	7	3	4	6	8	5	3	1	7	3	7	11	1	3	6
ASV_69	29	35	37	32	34	30	34	31	15	24	47	17	23	24	31	23	36	28
ASV_690	3	3	3	3	1	0	1	4	0	1	4	6	4	0	1	2	0	4
ASV_691	3	7	0	1	2	5	5	3	3	1	4	3	2	5	3	2	1	0
ASV_692	5	0	0	3	0	2	1	6	2	1	1	4	3	0	0	1	1	16
ASV_693	3	10	0	1	2	1	4	5	5	4	0	1	1	0	2	1	4	1
ASV_694	1	3	5	2	3	0	4	0	1	0	2	2	1	1	0	2	1	1
ASV_695	4	2	1	4	3	4	4	0	2	1	4	5	0	1	4	3	4	4
ASV_696	3	1	1	7	0	3	0	3	8	2	0	0	9	1	1	1	10	0
ASV_697	1	3	1	1	3	3	1	2	0	0	3	2	3	0	3	0	4	3
ASV_698	0	1	3	4	0	1	4	0	2	4	3	4	2	0	4	4	2	6
ASV_699	5	3	0	2	0	1	8	0	2	3	3	5	1	1	2	1	2	5
ASV_7	81	43	415	143	436	78	47	437	288	178	65	76	258	310	187	81	199	275
ASV_70	17	25	56	26	106	19	17	21	7	32	45	16	22	15	18	24	50	21
ASV_700	0	0	43	0	0	0	0	1	0	0	0	0	0	0	0	0	0	0
ASV_701	1	0	0	7	0	4	8	2	2	2	2	2	2	1	4	4	2	6
ASV_702	0	0	0	20	0	20	0	0	0	0	0	0	0	0	0	0	0	0
ASV_703	2	0	0	2	0	0	2	0	4	5	7	1	4	6	3	3	0	0
ASV_704	5	3	3	1	0	0	2	2	1	2	5	1	1	1	5	2	0	3
ASV_705	3	3	10	0	0	3	2	1	4	3	3	4	3	1	0	3	3	3
ASV_706	3	6	1	2	0	3	3	6	5	3	5	6	4	3	1	3	3	4
ASV_707	2	2	1	0	2	2	4	5	2	6	2	10	2	4	3	2	1	3
ASV_708	9	2	5	0	0	1	3	5	18	6	4	2	6	3	5	9	3	4
ASV_709	2	1	1	1	5	2	2	1	2	1	1	1	6	0	3	3	3	3
ASV_71	29	15	17	31	30	126	20	7	27	20	24	32	19	19	31	19	17	29
ASV_710	2	3	3	2	2	2	3	2	3	1	2	2	1	1	3	1	0	1
ASV_711	7	5	7	4	5	2	2	7	6	3	4	4	2	4	5	8	5	11
ASV_712	3	3	4	2	3	7	0	8	2	2	2	3	2	3	3	2	2	3
ASV_713	2	1	0	3	3	2	3	7	2	5	2	1	2	1	3	0	1	2
ASV_714	5	5	2	0	0	18	7	0	0	2	2	3	0	0	2	3	0	2
ASV_715	1	2	0	0	3	1	0	4	1	5	2	0	10	2	3	1	1	2
ASV_716	2	3	2	0	1	1	3	1	1	1	5	5	6	1	4	3	2	5
ASV_717	7	5	3	9	0	7	8	4	3	6	4	2	4	3	2	3	3	4
ASV_718	1	1	0	0	1	1	2	0	7	14	5	0	2	5	8	5	0	1
ASV_719	0	1	4	3	2	6	3	0	4	2	5	5	2	0	0	2	3	3
ASV_72	40	25	44	83	40	72	12	7	16	14	16	17	18	23	15	28	25	20
ASV_720	1	2	0	0	1	4	6	10	2	6	1	9	6	2	4	1	2	4
ASV_721	0	2	3	3	2	2	2	1	1	0	15	3	3	0	0	2	4	0
ASV_722	1	4	1	1	1	1	5	4	3	1	2	2	1	0	1	16	1	4
ASV_723	3	1	1	0	4	8	4	0	2	4	2	3	1	0	11	2	21	1
ASV_724	5	8	2	6	6	7	12	4	5	10	5	19	4	5	2	4	5	8
ASV_725	0	0	23	0	1	0	0	2	0	0	2	2	0	1	0	0	0	2
ASV_726	1	0	0	0	0	3	5	5	7	1	20	0	2	0	2	3	2	1
ASV_727	1	5	1	1	4	3	0	1	2	1	5	2	2	5	1	0	2	2
ASV_728	3	4	1	1	1	2	1	1	3	3	2	0	6	2	2	2	3	1
ASV_729	5	2	4	1	2	8	5	3	1	3	2	5	0	0	5	0	1	2
ASV_73	31	21	15	25	11	29	15	23	20	23	25	24	12	18	35	100	31	27
ASV_730	3	4	4	1	1	1	4	1	0	0	1	2	2	1	2	2	2	6
ASV_731	3	1	6	0	12	0	1	3	1	6	0	0	4	2	3	3	0	5
ASV_732	2	4	0	1	0	0	2	3	3	3	1	1	3	2	5	2	2	3
ASV_733	3	0	0	0	0	0	23	0	4	8	0	2	0	0	0	0	0	0
ASV_734	6	1	1	2	1	2	2	3	3	1	1	2	1	0	1	2	1	3
ASV_735	2	0	0	2	0	5	0	3	1	0	1	2	0	7	17	0	0	0
ASV_736	11	0	1	2	4	7	1	0	2	1	4	7	1	0	4	0	2	2
ASV_737	3	1	7	2	14	5	1	2	2	7	1	0	0	5	2	3	5	2
ASV_738	3	8	7	2	5	8	2	10	3	3	11	3	5	1	2	9	7	5
ASV_739	3	12	1	0	2	6	5	12	11	5	3	21	8	2	5	1	2	7
ASV_74	27	33	39	21	34	25	39	20	28	17	36	23	15	27	50	11	19	29
ASV_740	1	1	37	0	0	0	2	1	1	2	0	0	0	0	0	1	0	2
ASV_741	0	0	0	0	0	0	0	1	0	0	0	1	4	0	0	28	2	0
ASV_742	1	3	3	2	3	4	1	5	1	1	1	2	2	0	0	16	2	2
ASV_743	4	8	3	7	3	1	3	12	3	3	7	6	0	0	4	3	1	8
ASV_744	3	1	2	1	3	3	3	0	5	4	4	0	1	3	2	1	2	6
ASV_745	2	3	1	3	0	12	1	1	1	1	1	2	0	0	4	3	1	1
ASV_746	3	0	4	1	2	1	2	1	3	0	4	3	1	0	2	2	2	5
ASV_747	4	4	7	1	4	3	2	2	0	2	0	2	0	3	1	3	4	1
ASV_748	3	4	2	3	5	3	4	3	5	4	4	5	4	8	2	3	6	0
ASV_749	2	3	9	5	3	8	0	2	0	0	6	2	1	0	2	6	3	2
ASV_75	14	27	49	32	56	35	9	21	26	9	55	13	27	22	24	24	19	23
ASV_750	8	5	3	4	0	9	3	1	6	2	7	6	1	2	7	11	6	6
ASV_751	3	2	5	2	2	2	1	4	0	2	0	4	0	3	9	1	2	2
ASV_752	1	3	1	2	0	0	2	4	4	8	1	0	3	1	1	3	1	6
ASV_753	1	2	2	3	3	1	1	4	2	1	3	1	4	0	4	0	0	1
ASV_754	3	2	3	4	0	7	0	0	1	3	4	2	1	1	1	2	1	0
ASV_755	2	7	10	6	3	3	5	9	6	1	2	1	5	3	7	2	4	9
ASV_756	2	2	0	0	0	3	9	1	3	5	8	4	4	11	1	7	1	3
ASV_757	2	7	4	2	1	0	3	1	3	2	0	1	5	1	3	2	0	1
ASV_758	2	5	6	3	3	0	0	1	2	3	1	0	2	3	1	0	2	0
ASV_759	0	1	1	0	2	0	1	1	2	5	6	7	4	3	5	3	2	1
ASV_76	33	25	25	16	17	16	33	24	28	28	30	30	19	29	48	43	16	29
ASV_760	3	3	2	1	4	7	2	2	2	2	1	3	5	4	5	6	2	3
ASV_761	1	2	2	0	0	0	2	1	2	1	5	2	1	1	4	10	0	1
ASV_762	1	4	3	6	1	1	2	0	3	6	1	2	4	0	2	1	0	0
ASV_763	0	6	2	2	2	0	3	3	3	2	2	2	4	4	5	8	0	2
ASV_764	0	0	3	0	32	1	0	1	0	1	0	0	0	0	0	1	0	2
ASV_765	1	0	0	8	1	6	1	1	1	1	1	1	0	0	0	6	3	0
ASV_766	0	0	0	0	0	0	1	4	2	6	4	3	2	3	4	2	0	4
ASV_767	4	5	5	6	0	3	2	4	3	2	1	0	3	0	3	11	1	1
ASV_768	4	1	3	2	7	4	1	1	2	3	4	3	0	1	0	3	2	1
ASV_769	2	4	1	3	4	5	4	2	3	2	1	4	1	0	1	1	0	3
ASV_77	22	14	38	23	25	21	13	10	21	16	20	35	16	64	15	94	15	19
ASV_770	1	4	4	7	5	3	0	3	1	0	1	3	0	4	0	0	1	2
ASV_771	1	7	0	7	0	0	5	9	5	2	2	3	3	4	0	1	3	1
ASV_772	3	2	0	1	6	2	2	5	3	4	1	6	1	1	2	2	0	1
ASV_773	1	1	2	2	5	3	3	3	2	1	6	0	1	2	2	3	1	3
ASV_774	9	5	2	4	5	12	2	4	2	4	5	3	2	4	2	6	2	6
ASV_775	2	1	1	2	2	9	5	5	2	4	2	3	2	1	2	2	0	2
ASV_776	4	0	3	2	3	0	1	3	3	0	3	0	2	3	0	2	2	0
ASV_777	4	2	0	0	0	6	4	2	0	1	0	5	3	0	2	3	8	2
ASV_778	3	1	1	2	0	3	2	5	1	5	5	1	2	4	2	2	1	3
ASV_779	2	9	7	2	2	2	0	2	2	1	0	3	1	2	2	5	0	1
ASV_78	24	22	12	14	45	21	26	16	20	15	18	25	24	13	32	61	37	28
ASV_780	2	2	3	2	0	0	2	2	3	2	0	0	1	1	4	2	0	2
ASV_781	1	4	0	2	2	0	3	3	2	2	3	0	4	3	1	1	1	3
ASV_782	1	3	1	3	0	0	2	2	1	1	4	2	0	3	2	1	1	4
ASV_783	4	3	5	1	3	1	1	2	4	2	2	7	3	4	2	0	1	0
ASV_784	3	2	1	2	0	1	3	2	0	2	1	2	2	1	3	1	4	1
ASV_785	4	4	3	3	5	6	0	2	0	1	1	3	1	1	2	2	1	2
ASV_786	2	0	0	4	1	4	1	2	4	3	1	2	2	1	3	3	1	2
ASV_787	1	0	0	3	1	0	3	3	2	4	0	0	3	4	1	0	3	1
ASV_788	4	2	2	4	4	0	4	6	1	2	2	3	2	1	2	2	0	1
ASV_789	2	4	1	1	3	2	9	1	1	2	6	2	3	1	2	4	2	4
ASV_79	35	16	13	34	43	61	4	7	32	13	9	19	30	56	17	21	22	22
ASV_790	1	6	2	0	0	1	5	11	5	3	4	6	3	1	2	1	1	1
ASV_791	2	0	0	33	1	0	0	7	0	4	1	2	2	0	0	0	0	0
ASV_792	1	0	0	14	0	0	0	18	0	1	0	0	0	0	0	0	0	0
ASV_793	0	0	0	7	0	1	6	6	10	21	0	0	0	1	0	0	1	1
ASV_794	0	0	0	3	2	0	0	1	1	1	4	4	4	3	2	2	0	4
ASV_795	0	0	0	1	8	0	1	4	1	2	10	0	0	0	0	1	1	0
ASV_796	1	0	0	0	0	3	2	0	2	4	6	2	1	0	6	2	6	0
ASV_797	1	4	0	4	0	1	5	4	1	1	2	1	1	4	3	0	0	2
ASV_798	3	0	0	4	3	5	0	1	3	5	4	5	1	3	2	2	2	1
ASV_799	1	7	6	3	0	1	1	0	2	1	2	0	2	0	2	1	0	0
ASV_8	185	193	215	148	77	100	130	180	534	295	208	189	227	272	198	350	169	183
ASV_80	31	24	27	30	19	23	14	16	4	14	44	22	3	0	46	39	41	48
ASV_800	1	3	1	1	0	4	4	3	3	2	3	4	1	2	3	0	2	2
ASV_801	1	5	2	1	1	3	1	0	0	6	2	2	4	4	1	1	1	4
ASV_802	2	7	3	2	2	2	0	3	4	1	5	0	1	0	2	1	9	1
ASV_803	1	0	2	5	0	0	1	3	1	2	1	0	4	1	5	6	0	5
ASV_804	2	3	1	2	0	0	5	2	0	2	0	4	1	0	0	13	0	2
ASV_805	14	8	9	1	0	1	2	1	0	1	0	1	0	0	1	4	1	2
ASV_806	5	3	2	0	0	1	6	0	10	4	2	1	5	4	6	3	0	4
ASV_807	2	0	2	6	4	6	2	1	6	0	8	2	2	3	1	4	0	2
ASV_808	3	0	0	0	0	0	13	0	1	17	0	2	0	0	0	0	0	0
ASV_809	4	5	0	3	1	5	5	2	1	7	1	2	7	2	3	5	3	5
ASV_81	28	15	19	27	45	11	12	34	14	27	80	29	18	7	41	20	18	18
ASV_810	2	2	6	4	3	5	3	1	1	3	2	1	3	2	1	2	0	3
ASV_811	2	0	6	1	5	2	3	1	0	4	4	1	0	0	0	1	0	2
ASV_812	1	5	1	2	1	1	4	2	0	4	2	0	2	2	1	5	0	2
ASV_813	2	3	3	0	2	1	0	2	2	5	2	4	4	1	2	2	0	2
ASV_814	4	2	2	4	3	3	0	0	5	2	3	2	1	4	1	1	2	2
ASV_815	4	1	0	31	3	11	4	2	1	0	3	2	1	0	2	0	0	1
ASV_816	7	1	2	6	1	3	2	4	8	5	5	2	2	7	7	4	0	3
ASV_817	6	4	1	0	0	7	0	0	3	0	4	2	1	5	0	0	0	3
ASV_818	1	2	0	5	0	1	1	6	6	0	2	3	1	1	0	3	2	2
ASV_819	2	2	10	1	0	2	3	1	1	1	2	0	0	0	4	0	2	4
ASV_82	29	48	34	31	56	50	20	5	28	26	28	27	19	24	16	30	29	19
ASV_820	0	4	0	0	2	2	1	2	3	3	3	2	1	0	0	0	8	0
ASV_821	1	3	10	6	2	0	4	1	1	1	1	2	1	0	1	0	2	1
ASV_822	0	2	0	2	0	1	1	1	2	3	3	2	1	2	2	1	2	3
ASV_823	0	0	7	4	3	1	0	0	0	0	1	1	1	6	0	0	3	0
ASV_824	3	0	0	1	1	0	4	12	0	2	0	6	0	0	0	0	0	0
ASV_825	2	1	0	0	4	2	3	2	0	4	7	7	6	2	2	9	3	8
ASV_826	1	0	1	0	0	0	1	1	2	3	0	6	19	0	1	0	0	0
ASV_827	1	2	1	5	1	4	4	3	2	3	1	2	0	1	1	1	0	1
ASV_828	1	4	2	2	4	3	1	2	1	2	0	5	0	0	0	1	6	1
ASV_829	17	0	0	3	2	5	0	3	1	3	0	0	2	1	0	0	2	0
ASV_83	19	44	19	0	3	122	32	5	12	54	10	13	72	0	13	23	10	17
ASV_830	7	2	3	0	0	1	9	0	2	2	1	1	1	1	1	1	1	1
ASV_831	6	1	8	0	1	0	0	11	0	0	0	4	0	0	6	1	0	1
ASV_832	2	5	0	1	1	4	2	0	3	1	0	2	0	0	3	3	0	3
ASV_833	5	5	1	4	1	2	0	3	0	3	3	2	4	2	5	2	3	2
ASV_834	1	4	2	3	1	1	1	2	3	4	2	1	2	0	1	1	1	2
ASV_835	5	0	1	1	2	0	2	1	1	1	4	2	1	1	3	0	2	2
ASV_836	2	1	0	0	5	1	1	2	2	3	1	3	3	4	1	4	1	0
ASV_837	7	1	3	0	5	3	1	4	0	4	1	2	2	1	2	0	3	2
ASV_838	7	5	1	3	2	1	3	3	4	1	1	8	2	2	3	4	0	5
ASV_839	6	3	2	0	1	0	5	2	2	1	1	1	3	2	0	1	1	0
ASV_84	22	8	28	32	30	23	11	13	46	27	19	21	25	38	29	28	31	37
ASV_840	1	2	1	1	3	1	0	3	0	2	3	1	3	3	1	1	4	4
ASV_841	1	6	2	1	0	1	3	4	4	4	2	6	5	2	3	0	1	6
ASV_842	3	9	0	0	0	1	2	3	0	0	0	0	11	3	2	5	0	5
ASV_843	1	1	28	0	0	0	0	0	0	0	0	1	0	0	0	0	0	0
ASV_844	0	3	0	1	1	1	1	1	2	0	1	1	4	1	2	2	7	1
ASV_845	2	2	0	3	1	1	5	0	4	7	0	2	0	0	4	1	4	3
ASV_846	2	1	2	1	2	2	1	0	4	3	3	0	1	1	0	2	1	4
ASV_847	0	3	0	4	7	6	1	7	2	1	2	0	0	0	1	5	3	1
ASV_848	2	3	3	3	1	2	2	2	3	3	6	2	2	1	3	3	2	3
ASV_849	1	1	2	4	4	4	4	5	4	2	1	9	5	4	6	3	2	1
ASV_85	20	22	32	21	10	17	11	20	35	22	20	12	37	29	24	22	48	51
ASV_850	2	0	0	0	0	2	9	0	7	6	2	0	0	6	4	0	0	2
ASV_851	1	5	2	1	0	2	4	6	1	2	2	2	1	1	4	2	3	1
ASV_852	1	1	17	5	2	0	3	1	2	2	1	1	0	0	3	1	4	3
ASV_853	3	1	0	3	2	2	1	2	4	0	2	2	1	4	4	1	1	0
ASV_854	3	2	1	4	2	0	3	3	2	0	0	1	4	2	6	3	1	6
ASV_855	2	2	0	8	3	2	0	1	1	0	2	0	2	0	0	1	2	3
ASV_856	4	2	2	2	0	1	3	1	0	2	2	4	3	1	3	0	0	1
ASV_857	2	0	1	3	2	1	0	0	1	2	1	4	2	1	1	3	1	3
ASV_858	5	1	0	0	1	5	2	0	3	4	4	2	1	8	6	1	3	7
ASV_859	2	1	2	0	3	3	0	2	1	0	0	0	0	0	8	0	1	3
ASV_86	22	33	4	13	4	17	22	47	11	7	14	21	35	38	42	21	56	20
ASV_860	3	3	5	2	0	1	2	3	3	0	0	1	2	0	1	2	2	9
ASV_861	2	1	2	4	5	2	0	1	0	1	0	0	0	0	1	0	2	2
ASV_862	2	0	0	5	0	3	0	2	0	1	5	1	1	1	2	0	1	1
ASV_863	2	0	3	4	5	2	0	1	1	3	3	2	6	3	3	4	5	3
ASV_864	1	4	1	0	0	0	5	6	1	2	1	0	3	0	0	4	0	4
ASV_865	2	0	0	1	2	2	3	2	3	0	4	2	3	2	0	2	3	1
ASV_866	1	3	2	0	5	1	1	1	1	2	1	2	3	0	3	1	4	2
ASV_867	4	4	1	2	2	2	4	4	4	3	1	4	2	1	2	3	3	2
ASV_868	3	1	25	3	0	0	0	0	1	0	2	2	2	0	2	0	0	0
ASV_869	2	2	7	0	1	2	1	0	2	3	3	2	2	1	1	0	0	2
ASV_87	9	20	0	23	3	8	11	20	5	20	16	23	23	71	6	37	126	24
ASV_870	2	5	5	6	5	2	1	2	3	4	5	4	6	7	4	6	4	3
ASV_871	0	2	3	1	8	3	1	7	0	0	3	1	1	2	3	1	7	5
ASV_872	0	3	7	0	3	0	1	0	0	1	2	2	2	3	0	1	1	5
ASV_873	0	2	1	3	1	4	2	3	1	1	5	4	3	0	2	1	4	0
ASV_874	1	0	3	1	3	3	2	3	3	1	3	1	1	3	5	4	1	2
ASV_875	0	2	3	1	1	5	3	4	1	1	6	4	5	0	2	1	0	3
ASV_876	3	2	7	3	1	0	3	3	1	2	3	2	3	3	3	2	1	2
ASV_877	0	0	3	1	0	0	0	1	1	12	0	0	4	1	1	0	1	0
ASV_878	1	0	0	1	1	1	4	2	1	2	3	4	0	2	2	1	0	1
ASV_879	1	3	1	0	2	1	11	3	2	1	9	6	5	5	8	0	2	2
ASV_88	33	49	7	6	2	145	14	16	13	34	14	27	22	4	37	17	1	3
ASV_880	0	0	0	0	1	2	7	5	2	2	8	10	5	3	4	3	3	2
ASV_881	0	0	1	0	0	14	5	0	1	1	2	1	4	1	0	2	0	0
ASV_882	0	0	1	0	0	15	1	0	4	0	0	2	1	0	0	0	1	0
ASV_883	5	1	1	2	0	0	1	5	5	0	6	4	8	5	10	2	5	7
ASV_884	2	3	2	1	0	3	1	4	4	4	0	2	4	0	3	0	0	0
ASV_885	6	1	1	3	0	2	1	1	6	2	1	3	3	4	3	2	0	5
ASV_886	1	4	3	1	0	4	4	2	2	0	3	1	2	1	1	2	2	2
ASV_887	6	4	5	0	2	0	4	6	1	1	3	4	2	1	4	5	1	3
ASV_888	2	4	2	0	2	0	2	1	0	0	2	5	1	1	4	2	1	1
ASV_889	2	0	0	1	0	2	5	1	1	1	5	2	2	0	2	0	1	1
ASV_89	21	26	13	17	9	25	37	21	14	29	29	20	11	35	26	29	26	33
ASV_890	1	5	0	0	0	3	2	4	1	2	0	1	4	0	10	1	3	2
ASV_891	1	1	1	3	0	7	3	0	0	1	4	2	0	1	0	1	1	1
ASV_892	2	5	4	4	1	3	4	1	1	2	1	6	3	3	2	3	2	3
ASV_893	6	2	14	0	0	0	0	0	0	0	1	1	2	2	0	0	2	0
ASV_894	1	1	11	0	0	0	1	4	1	4	1	0	1	1	2	2	1	3
ASV_895	1	0	0	2	0	0	2	1	2	1	0	2	4	3	3	2	2	2
ASV_896	4	5	0	1	2	5	5	2	3	2	6	5	1	2	3	1	1	5
ASV_897	2	1	2	1	0	3	1	1	0	2	3	0	2	1	2	0	1	4
ASV_898	2	2	0	7	1	1	2	2	0	2	2	0	3	1	0	0	2	2
ASV_899	3	2	0	0	1	3	0	1	1	0	3	0	1	6	6	3	0	1
ASV_9	117	273	130	162	93	185	120	146	226	153	208	145	189	113	143	155	262	203
ASV_90	14	35	17	34	23	63	13	6	30	10	17	15	13	11	23	16	40	7
ASV_900	2	2	9	0	1	3	2	1	1	1	1	4	1	0	4	2	1	1
ASV_901	1	4	5	1	3	3	2	3	1	1	2	0	0	1	5	1	1	3
ASV_902	2	2	0	2	0	7	4	0	3	3	8	3	1	1	4	3	2	3
ASV_903	3	2	2	1	2	0	1	1	2	5	0	0	2	0	0	0	3	0
ASV_904	4	3	1	2	7	4	2	3	5	0	2	3	2	3	2	2	2	0
ASV_905	2	1	0	1	1	0	3	0	3	3	0	3	0	0	3	0	0	0
ASV_906	1	1	4	0	4	0	3	1	0	1	1	1	1	0	0	1	2	3
ASV_907	1	6	2	2	1	3	5	1	6	2	3	3	2	2	0	4	1	0
ASV_908	0	6	1	0	8	0	1	1	0	0	2	3	0	6	0	1	3	1
ASV_909	0	5	0	0	0	4	1	3	9	1	1	9	0	0	0	0	0	0
ASV_91	8	36	1	53	4	27	28	13	17	22	23	11	21	53	18	37	15	14
ASV_910	0	3	0	0	1	1	2	4	4	0	2	4	0	2	2	3	5	2
ASV_911	1	2	1	0	2	0	2	1	1	5	4	3	2	1	2	9	0	3
ASV_912	1	2	1	0	0	0	3	3	2	2	2	2	0	2	4	2	1	2
ASV_913	0	3	0	1	0	1	8	0	0	3	1	0	2	3	3	4	5	6
ASV_914	1	8	3	2	2	3	3	0	0	1	2	3	0	0	5	4	0	2
ASV_915	0	1	1	3	1	1	3	0	1	1	2	3	2	0	0	1	1	3
ASV_916	0	2	0	1	6	4	3	3	2	5	4	4	3	1	1	4	3	1
ASV_917	3	2	0	2	1	1	6	2	4	4	3	4	7	2	0	0	4	1
ASV_918	1	0	0	0	0	0	18	2	0	16	0	6	0	0	0	0	0	0
ASV_919	1	1	1	0	1	0	12	0	5	1	0	5	3	2	2	1	0	2
ASV_92	58	23	29	37	1	15	33	31	54	45	28	8	4	6	0	29	6	2
ASV_920	2	1	0	0	0	0	0	2	1	34	0	4	0	0	3	0	0	0
ASV_921	6	4	1	1	0	20	2	6	2	0	0	2	2	1	2	0	1	1
ASV_922	5	1	0	1	1	0	2	1	0	3	0	1	1	5	1	0	0	2
ASV_923	4	4	0	3	4	6	4	1	2	2	6	3	2	3	4	3	4	1
ASV_924	3	3	4	0	5	4	6	3	3	0	5	1	7	3	4	2	3	3
ASV_925	4	3	1	2	1	2	5	7	3	1	5	4	0	3	7	3	2	5
ASV_926	3	1	0	1	1	2	5	5	2	0	2	0	1	0	6	0	0	0
ASV_927	6	4	0	0	0	0	3	3	1	15	1	0	0	0	1	3	0	0
ASV_928	3	0	1	4	4	2	0	2	3	2	1	2	0	1	1	0	5	3
ASV_929	1	0	1	0	0	5	0	1	0	1	1	4	1	0	0	3	5	1
ASV_93	11	4	12	9	62	11	15	117	5	21	49	13	2	7	38	0	49	30
ASV_930	1	1	19	1	1	3	1	1	1	3	0	1	0	1	2	3	0	0
ASV_931	1	2	1	1	2	1	2	1	0	2	1	2	2	1	7	0	5	2
ASV_932	1	3	0	2	0	2	4	2	0	3	1	4	3	2	2	2	0	1
ASV_933	0	1	0	0	1	0	1	3	0	1	8	1	0	1	1	8	0	2
ASV_934	0	1	1	0	1	5	14	3	0	0	1	2	1	1	13	1	1	1
ASV_935	4	1	6	2	2	2	0	0	0	0	2	0	0	0	4	2	1	1
ASV_936	0	2	0	2	0	3	1	3	1	1	2	3	3	0	2	1	2	4
ASV_937	1	2	3	1	0	3	0	0	2	2	4	1	0	1	2	1	1	1
ASV_938	0	2	1	2	0	0	0	0	1	2	4	5	2	0	4	0	0	0
ASV_939	0	0	1	0	4	0	2	4	1	0	3	1	3	2	2	0	1	1
ASV_94	2	5	24	23	24	14	11	28	8	9	28	13	17	17	7	19	66	82
ASV_940	0	2	4	1	0	2	1	1	2	2	1	2	1	0	2	3	1	3
ASV_941	1	7	8	3	2	5	3	4	0	3	4	2	4	4	0	1	3	5
ASV_942	2	1	4	0	2	2	6	5	3	4	6	1	7	4	4	3	1	3
ASV_943	1	2	1	4	3	6	4	2	1	2	0	1	3	2	1	2	1	0
ASV_944	1	0	0	1	0	3	2	5	1	1	5	2	4	0	2	0	3	1
ASV_945	0	0	1	2	1	3	2	0	7	3	10	8	9	6	7	3	5	3
ASV_946	2	0	1	0	0	1	1	3	4	2	4	0	0	3	0	5	2	5
ASV_947	0	0	0	0	0	0	0	0	0	0	0	0	0	0	29	0	0	0
ASV_948	2	1	1	0	5	4	2	0	1	0	0	1	0	2	0	0	0	4
ASV_949	5	2	0	2	2	1	0	3	4	3	1	3	3	1	0	3	1	3
ASV_95	23	21	46	32	43	26	17	11	18	15	23	14	9	14	9	19	24	21
ASV_950	3	1	1	0	3	1	2	0	4	2	5	4	6	3	2	2	1	1
ASV_951	1	1	1	0	1	5	3	2	1	1	1	7	3	1	2	1	3	2
ASV_952	4	2	4	7	2	6	0	0	3	0	1	0	2	1	1	1	0	4
ASV_953	2	2	0	0	0	0	3	3	3	3	0	1	0	0	2	0	2	4
ASV_954	3	2	5	2	3	2	4	1	3	1	2	1	3	1	0	1	2	3
ASV_955	2	0	0	1	0	5	1	3	3	0	1	1	1	0	8	2	12	0
ASV_956	2	2	2	0	5	1	0	2	1	1	2	0	3	2	1	1	3	0
ASV_957	6	4	1	1	0	1	9	5	6	10	3	5	7	10	7	11	10	9
ASV_958	2	4	5	4	2	5	3	10	0	1	1	1	1	0	1	1	0	1
ASV_959	1	0	3	0	1	2	4	3	1	2	2	2	1	0	5	1	2	1
ASV_96	18	7	7	7	123	8	23	34	10	9	8	6	18	10	27	15	17	15
ASV_960	3	0	0	1	0	1	3	2	1	2	6	5	2	1	0	2	0	3
ASV_961	3	2	0	4	0	1	1	4	2	0	0	1	2	2	2	4	6	0
ASV_962	2	4	6	1	0	2	1	4	1	1	4	1	1	1	4	4	0	6
ASV_963	3	0	1	1	0	1	0	0	1	1	0	3	4	0	1	2	1	1
ASV_964	2	3	0	2	9	2	1	0	2	0	1	0	0	2	0	1	0	2
ASV_965	2	3	0	2	0	1	1	2	0	0	1	3	3	2	2	1	0	3
ASV_966	4	4	0	3	0	0	0	2	3	2	0	4	2	2	3	1	1	0
ASV_967	2	1	1	2	1	1	1	0	2	3	2	3	1	1	2	1	6	1
ASV_968	3	3	3	0	5	2	1	1	0	0	4	1	3	0	1	1	3	2
ASV_969	3	4	6	6	4	4	1	5	0	4	5	2	3	0	8	5	3	1
ASV_97	12	24	18	26	45	25	27	16	15	15	16	18	23	19	31	30	22	30
ASV_970	2	5	1	2	2	3	0	3	2	0	3	2	1	3	1	1	3	2
ASV_971	1	1	1	0	3	0	2	2	2	3	1	2	0	3	0	1	5	1
ASV_972	1	4	1	1	0	1	4	2	5	2	2	0	0	2	3	0	1	1
ASV_973	0	4	0	0	3	0	2	5	3	2	5	1	5	1	1	0	1	0
ASV_974	0	1	0	2	0	3	0	2	0	2	1	2	1	0	2	2	3	2
ASV_975	0	2	0	2	0	5	2	0	1	0	4	2	4	1	3	0	0	0
ASV_976	1	2	2	0	4	6	5	1	4	0	3	3	2	0	2	1	0	1
ASV_977	0	3	1	0	0	1	3	2	0	3	0	2	3	3	1	0	3	0
ASV_978	0	3	1	2	0	1	3	3	1	3	0	1	3	1	2	0	0	3
ASV_979	0	2	0	1	3	1	1	1	0	1	3	1	3	1	1	2	1	0
ASV_98	19	5	10	20	106	10	6	23	7	44	30	17	13	1	12	20	14	22
ASV_980	0	2	1	6	1	2	0	0	0	1	4	0	2	3	1	0	1	1
ASV_981	1	3	3	1	1	0	1	0	1	3	0	0	2	1	2	0	3	1
ASV_982	0	2	2	1	4	2	2	2	0	2	1	2	1	3	0	2	0	0
ASV_983	0	0	1	1	0	0	4	1	0	3	2	2	5	0	2	0	0	2
ASV_984	0	0	3	0	1	1	2	2	7	1	8	7	3	6	1	3	3	1
ASV_985	0	1	1	2	0	4	4	4	4	2	3	2	1	0	1	2	0	1
ASV_986	0	1	0	1	5	0	1	0	3	1	0	0	3	6	0	2	5	1
ASV_987	1	5	0	1	0	0	12	2	5	3	10	11	3	1	6	7	0	2
ASV_988	2	0	1	2	0	1	3	2	4	3	1	1	4	2	1	1	0	2
ASV_989	0	0	0	4	0	17	1	0	0	0	1	1	0	0	1	1	0	1
ASV_99	16	20	25	31	22	31	23	13	13	10	19	22	12	13	21	18	15	20
ASV_990	0	0	1	0	2	0	1	6	2	0	2	1	1	4	1	0	4	1
ASV_991	0	0	0	0	0	0	2	2	1	0	6	0	3	3	2	0	5	2
ASV_992	0	0	0	0	0	2	0	0	0	3	18	1	1	0	0	7	6	1
ASV_993	14	8	7	7	6	8	1	2	4	6	0	1	2	3	0	8	2	4
ASV_994	2	0	2	1	0	1	1	1	0	3	0	11	1	0	0	0	0	4
ASV_995	1	0	0	0	0	0	8	3	3	3	2	4	2	3	4	0	1	2
ASV_996	3	6	0	1	0	5	0	0	0	0	0	1	1	0	4	3	1	1
ASV_997	1	1	1	3	0	2	1	3	1	3	2	2	0	0	1	0	3	1
ASV_998	1	0	1	0	0	3	4	2	0	3	5	5	1	0	1	2	2	0
ASV_999	3	1	1	0	0	0	1	0	3	2	2	5	0	2	4	1	2	3
