ID	KO1	KO2	KO3	KO4	KO5	KO6	OE1	OE2	OE3	OE4	OE5	OE6	WT1	WT2	WT3	WT4	WT5	WT6
Unassigned	38.5994953136265	40.4379956741168	34.8864455659697	35.5263157894737	32.2278298485941	38.923936553713	45.1514059120404	38.8698630136986	34.8684210526316	36.1481614996395	39.0861571737563	42.0241528478731	39.82516222062	36.5356885364095	42.6099495313627	37.6712328767123	33.507570295602	39.3114635904831
Comamonadaceae	19.844989185292	11.851117519827	17.4567411679885	17.7721701514059	25.3244412400865	17.6009372746936	11.1932227829849	10.2379235760634	15.3028118240808	15.7083633741889	15.1586157173756	11.4005046863735	15.9246575342466	19.971160778659	15.0865176640231	16.4383561643836	17.9884643114636	15.1586157173756
Pseudonocardiaceae	5.05587599134823	10.0306416726748	5.39834174477289	8.25522710886806	5.04686373467916	4.79452054794521	4.63229992790195	5.52451333813987	3.97440519105984	4.8846431146359	5.71377072819034	4.89365537130497	8.23720259552992	5.16402307137707	6.39870223503965	6.85832732516222	8.50757029560202	6.66005767844268
Micromonosporaceae	4.3168709444845	6.68709444844989	4.15465032444124	3.83020908435472	1.81146359048306	4.1366258111031	4.53316510454218	6.38968997837058	6.56092285508291	4.4069935111752	5.00180245133381	4.61427541456381	5.10093727469358	3.83922134102379	4.8846431146359	4.09156452775775	4.96575342465753	5.10994953136265
Oxalobacteraceae	4.41600576784427	3.1182408074982	2.73071377072819	4.91167988464311	5.91204037490988	5.74981975486662	3.63193943763518	2.74873828406633	4.17267483777938	3.99242970439798	3.01009372746936	2.28010093727469	4.93871665465032	6.19142033165105	3.65897620764239	3.61391492429704	3.87527036770007	3.7761355443403
Streptomycetaceae	3.16330209084355	2.92898341744773	3.36157173756309	2.26207642393655	1.18060562364816	1.92862292718097	2.56849315068493	3.64095169430425	8.35436193222783	4.99279019466474	3.16330209084355	3.23540014419611	4.21773612112473	3.5958904109589	3.35255948089402	6.23648161499639	4.65933669790916	3.32552271088681
Flavobacteriaceae	1.50504686373468	1.58615717375631	6.83129055515501	2.29812545061283	4.19971160778659	1.76640230713771	1.41492429704398	6.55191059841384	6.10129776496035	4.47007930785869	1.81146359048306	1.88356164383562	3.44268204758471	3.9563806777217	2.49639509733237	1.53208363374189	3.46971881759192	4.09156452775775
Rhizobiaceae	2.53244412400865	1.71232876712329	3.72206200432588	3.30749819754867	4.41600576784427	3.10021629416006	1.7393655371305	2.14491708723864	1.71232876712329	2.34318673395818	2.9379956741168	2.82083633741889	1.7393655371305	2.6676279740447	1.75739005046864	2.10886806056236	2.89293439077145	1.82047584715213
Steroidobacteraceae	2.24405191059841	2.10886806056236	1.71232876712329	1.78442682047585	0.874188896899784	1.64023071377073	3.06416726748378	2.20800288392213	2.38824801730353	2.10886806056236	2.50540735400144	2.60454217736121	1.6492429704398	2.3972602739726	2.56849315068493	2.63157894736842	2.08183129055515	2.9379956741168
Nocardioidaceae	1.84751261715934	2.73972602739726	2.97404470079308	2.20800288392213	2.09084354722422	2.54145638067772	1.65825522710887	2.96503244412401	1.88356164383562	1.5591204037491	2.50540735400144	1.92862292718097	1.7393655371305	1.43294881038212	2.28911319394376	2.05479452054794	2.03677000720981	2.0097332372026
Bradyrhizobiaceae	2.04578226387888	2.44232155731795	2.14491708723864	1.70331651045422	1.9196106705119	2.38824801730353	2.73972602739726	1.83850036049027	1.55010814708003	1.60418168709445	2.36121124729632	2.28010093727469	1.63121845710166	1.48702235039654	2.00072098053353	2.16294160057678	1.76640230713771	2.14491708723864
Xanthomonadaceae	1.53208363374189	1.06344628695025	1.6492429704398	1.92862292718097	2.03677000720981	2.3972602739726	1.02739726027397	1.288752703677	1.54109589041096	1.45998558038933	2.63157894736842	1.85652487382841	1.22566690699351	1.47801009372747	1.63121845710166	1.84751261715934	1.74837779379957	2.03677000720981
Sphingomonadaceae	1.16258111031002	0.964311463590483	1.94664744051911	1.91059841384283	1.9196106705119	1.53208363374189	0.865176640230714	0.603821196827686	0.820115356885364	0.666906993511175	0.910237923576063	1.18060562364816	0.585796683489546	1.18961788031723	0.693943763518385	1.06344628695025	0.802090843547224	0.811103100216294
Bacillaceae_1	0.892213410237924	0.901225666906993	0.468637346791637	0.486661860129776	0.297404470079308	0.847152126892574	2.67664023071377	1.288752703677	1.65825522710887	1.74837779379957	0.964311463590483	3.5958904109589	0.459625090122567	0.315428983417448	0.612833453496756	0.432588320115357	0.261355443403028	0.549747656813266
Caulobacteraceae	1.23467916366258	0.937274693583273	1.17159336697909	1.09048305695746	1.29776496034607	1.36986301369863	0.919250180245133	0.946286950252343	0.531723143475126	0.729992790194665	1.18060562364816	0.892213410237924	0.829127613554434	0.982335976928623	0.739005046863735	0.946286950252343	0.838139870223504	0.937274693583273
Microbacteriaceae	0.883201153568854	1.1986301369863	0.838139870223504	0.919250180245133	0.549747656813266	0.639870223503965	0.928262436914203	1.05443403028118	0.856164383561644	0.928262436914203	1.09949531362653	0.973323720259553	0.720980533525595	0.639870223503965	1.03640951694304	0.937274693583273	0.784066330209084	1.03640951694304
Devosiaceae	1.00036049026676	0.739005046863735	1.22566690699351	0.874188896899784	2.02775775054074	1.39689978370584	0.630857966834895	1.09949531362653	0.486661860129776	0.603821196827686	0.802090843547224	0.630857966834895	0.468637346791637	0.549747656813266	0.630857966834895	0.639870223503965	0.748017303532805	0.892213410237924
Thermomonosporaceae	0.793078586878154	0.892213410237924	0.189257390050469	1.27072819033886	0.315428983417448	0.531723143475126	0.522710886806056	0.937274693583273	0.306416726748378	0.784066330209084	0.784066330209084	0.585796683489546	1.16258111031002	1.27974044700793	0.576784426820476	0.919250180245133	1.43294881038212	0.693943763518385
Pseudomonadaceae	0.342465753424658	0.252343186733958	0.189257390050469	0.288392213410238	1.12653208363374	0.333453496755588	0.820115356885364	2.09985580389329	0.351478010093727	2.22602739726027	1.13554434030281	1.93763518385004	0.144196106705119	0.180245133381399	0.432588320115357	0.225306416726748	0.973323720259553	0.504686373467916
Hyphomicrobiaceae	0.829127613554434	0.784066330209084	1.15356885364095	0.630857966834895	0.486661860129776	0.729992790194665	1.06344628695025	0.748017303532805	0.432588320115357	0.666906993511175	0.729992790194665	0.910237923576063	0.405551550108147	0.459625090122567	0.504686373467916	0.477649603460707	0.387527036770007	0.784066330209084
Kribbellaceae	0.396539293439077	0.901225666906993	0.558759913482336	0.360490266762797	0.261355443403028	0.378514780100937	0.675919250180245	0.612833453496756	0.522710886806056	0.495674116798846	0.675919250180245	0.657894736842105	0.576784426820476	0.829127613554434	0.567772170151406	0.820115356885364	1.16258111031002	0.585796683489546
Paenibacillaceae_1	0.324441240086518	0.288392213410238	0.630857966834895	2.37923576063446	0.135183850036049	0.369502523431867	1.68529199711608	0.883201153568854	0.351478010093727	1.27072819033886	0.243330930064888	0.594808940158616	0.171232876712329	0.135183850036049	0.207281903388608	0.171232876712329	0.144196106705119	0.153208363374189
Phyllobacteriaceae	0.549747656813266	0.540735400144196	0.450612833453497	0.711968276856525	0.729992790194665	0.820115356885364	0.486661860129776	0.315428983417448	0.522710886806056	0.432588320115357	0.495674116798846	0.486661860129776	0.531723143475126	0.630857966834895	0.378514780100937	0.657894736842105	0.657894736842105	0.495674116798846
Fulvivirgaceae	0.585796683489546	0.441600576784427	0.126171593366979	0.135183850036049	0.324441240086518	0.0720980533525595	0.189257390050469	0.144196106705119	0.333453496755588	1.26171593366979	0.198269646719539	0.261355443403028	0.378514780100937	0.306416726748378	0.594808940158616	0.585796683489546	0.261355443403028	0.234318673395818
Mycobacteriaceae	0.477649603460707	0.495674116798846	0.414563806777217	0.234318673395818	0.135183850036049	0.171232876712329	0.378514780100937	0.306416726748378	0.252343186733958	0.279379956741168	0.225306416726748	0.297404470079308	0.297404470079308	0.144196106705119	0.468637346791637	0.252343186733958	0.306416726748378	0.180245133381399
Chitinophagaceae	0.144196106705119	0.0630857966834895	0.0720980533525595	0.0630857966834895	0.0270367700072098	0.0811103100216294	0.531723143475126	0.297404470079308	0.522710886806056	0.432588320115357	0.297404470079308	0.243330930064888	0.333453496755588	0.513698630136986	0.369502523431867	0.351478010093727	0.234318673395818	0.171232876712329
Boseaceae	0.198269646719539	0.0811103100216294	0.594808940158616	0.117159336697909	0.459625090122567	0.297404470079308	0.108147080028839	0.306416726748378	0.0811103100216294	0.153208363374189	0.270367700072098	0.108147080028839	0.261355443403028	0.162220620043259	0.144196106705119	0.279379956741168	0.477649603460707	0.261355443403028
Erythrobacteraceae	0.234318673395818	0.189257390050469	0.297404470079308	0.351478010093727	0.351478010093727	0.405551550108147	0.189257390050469	0.342465753424658	0.144196106705119	0.162220620043259	0.261355443403028	0.189257390050469	0.108147080028839	0.207281903388608	0.225306416726748	0.198269646719539	0.252343186733958	0.216294160057678
Methylophilaceae	0.207281903388608	0.270367700072098	0.189257390050469	0.207281903388608	0.306416726748378	0.351478010093727	0.171232876712329	0.144196106705119	0.252343186733958	0.243330930064888	0.234318673395818	0.126171593366979	0.225306416726748	0.252343186733958	0.414563806777217	0.252343186733958	0.234318673395818	0.234318673395818
Promicromonosporaceae	0.297404470079308	0.342465753424658	0.108147080028839	0.225306416726748	0.0991348233597693	0.432588320115357	0.279379956741168	0.189257390050469	0.153208363374189	0.108147080028839	0.477649603460707	0.369502523431867	0.216294160057678	0.234318673395818	0.234318673395818	0.189257390050469	0.117159336697909	0.189257390050469
Bacteriovoracaceae	0.0811103100216294	0.135183850036049	0.279379956741168	0.162220620043259	0.567772170151406	0.225306416726748	0.162220620043259	0.189257390050469	0.135183850036049	0.306416726748378	0.207281903388608	0.0720980533525595	0.234318673395818	0.549747656813266	0.135183850036049	0.162220620043259	0.297404470079308	0.0991348233597693
Sandaracinaceae	0.207281903388608	0.153208363374189	0.234318673395818	0.153208363374189	0.315428983417448	0.0991348233597693	0.126171593366979	0.135183850036049	0.153208363374189	0.153208363374189	0.207281903388608	0.153208363374189	0.180245133381399	0.189257390050469	0.189257390050469	0.234318673395818	0.216294160057678	0.189257390050469
Micrococcaceae	0.117159336697909	0.0991348233597693	0.0901225666906993	0.0720980533525595	0.0360490266762797	0.0811103100216294	0.117159336697909	0.351478010093727	0.153208363374189	0.171232876712329	0.279379956741168	0.225306416726748	0.135183850036049	0.0720980533525595	0.153208363374189	0.252343186733958	0.144196106705119	0.180245133381399
Reyranellaceae	0.162220620043259	0.189257390050469	0.198269646719539	0.0901225666906993	0.0450612833453497	0.189257390050469	0.216294160057678	0.117159336697909	0.144196106705119	0.153208363374189	0.117159336697909	0.207281903388608	0.108147080028839	0.0991348233597693	0.144196106705119	0.180245133381399	0.0540735400144196	0.0991348233597693
Polyangiaceae	0.207281903388608	0.0540735400144196	0.108147080028839	0.135183850036049	0.0450612833453497	0.0811103100216294	0.315428983417448	0.0811103100216294	0.0901225666906993	0.207281903388608	0.207281903388608	0.216294160057678	0.0720980533525595	0.0540735400144196	0.0720980533525595	0.117159336697909	0.0811103100216294	0.108147080028839
Geodermatophilaceae	0.0450612833453497	0.234318673395818	0.0901225666906993	0.0720980533525595	0.0270367700072098	0.0720980533525595	0.135183850036049	0.225306416726748	0.117159336697909	0.0630857966834895	0.0991348233597693	0.333453496755588	0.0630857966834895	0.0450612833453497	0.0811103100216294	0.144196106705119	0.189257390050469	0.0630857966834895
Solirubrobacteraceae	0.171232876712329	0.117159336697909	0.0811103100216294	0.0180245133381399	0.0991348233597693	0.117159336697909	0.243330930064888	0.144196106705119	0.144196106705119	0.0991348233597693	0.153208363374189	0.288392213410238	0.0360490266762797	0.0180245133381399	0.0811103100216294	0.0540735400144196	0.0991348233597693	0.0901225666906993
Cellvibrionaceae	0.0811103100216294	0.0270367700072098	0.0180245133381399	0.0450612833453497	0.0360490266762797	0.00901225666906993	0.0540735400144196	0.261355443403028	0.567772170151406	0.360490266762797	0.0360490266762797	0.0270367700072098	0.243330930064888	0.0450612833453497	0.0540735400144196	0.0360490266762797	0.0180245133381399	0.0720980533525595
Leptospiraceae	0.0540735400144196	0.0180245133381399	0.0991348233597693	0.0811103100216294	0.117159336697909	0.0811103100216294	0.0811103100216294	0.0811103100216294	0.0991348233597693	0.162220620043259	0.153208363374189	0.0720980533525595	0.0901225666906993	0.153208363374189	0.135183850036049	0.144196106705119	0.0630857966834895	0.153208363374189
Burkholderiaceae	0.0360490266762797	0.0180245133381399	0.144196106705119	0.225306416726748	0.0360490266762797	0.261355443403028	0.0991348233597693	0.0450612833453497	0.0811103100216294	0.0630857966834895	0.0630857966834895	0.135183850036049	0.0630857966834895	0.0991348233597693	0.0180245133381399	0.117159336697909	0.126171593366979	0.0901225666906993
Nitrospiraceae	0.0450612833453497	0.0540735400144196	0.0180245133381399	0.0630857966834895	0.0270367700072098	0.0360490266762797	0.0901225666906993	0.0540735400144196	0.0720980533525595	0.0630857966834895	0.0901225666906993	0.135183850036049	0.0630857966834895	0.0720980533525595	0.0811103100216294	0.315428983417448	0.108147080028839	0.153208363374189
Nocardiaceae	0.0901225666906993	0.0991348233597693	0.189257390050469	0.00901225666906993	0.0901225666906993	0.0450612833453497	0.0540735400144196	0.0991348233597693	0.0270367700072098	0.108147080028839	0.108147080028839	0.0630857966834895	0.144196106705119	0.0270367700072098	0.171232876712329	0.117159336697909	0.0360490266762797	0.0540735400144196
Opitutaceae	0.00901225666906993	0.0180245133381399	0.00901225666906993	0.0180245133381399	0.0270367700072098	0.0180245133381399	0.0540735400144196	0.0360490266762797	0.0901225666906993	0.0811103100216294	0.126171593366979	0.234318673395818	0.108147080028839	0.0991348233597693	0.144196106705119	0.0901225666906993	0.0720980533525595	0.0630857966834895
Oscillochloridaceae	0.108147080028839	0.162220620043259	0.0270367700072098	0.0540735400144196	0.0811103100216294	0.0720980533525595	0.0811103100216294	0.0630857966834895	0.0991348233597693	0.0270367700072098	0.0540735400144196	0.0270367700072098	0.0811103100216294	0.0540735400144196	0.0450612833453497	0.0450612833453497	0.0450612833453497	0.0991348233597693
Labilitrichaceae	0.0630857966834895	0.126171593366979	0.0720980533525595	0.0540735400144196	0.0270367700072098	0.0540735400144196	0.0991348233597693	0.0270367700072098	0.0360490266762797	0.0450612833453497	0.0811103100216294	0.108147080028839	0.0360490266762797	0.0540735400144196	0.135183850036049	0.0720980533525595	0.0630857966834895	0.0630857966834895
Rubrobacteraceae	0.0180245133381399	0.135183850036049	0.0540735400144196	0.0540735400144196	0.00901225666906993	0.0450612833453497	0.117159336697909	0.0811103100216294	0.0360490266762797	0.0450612833453497	0.0360490266762797	0.135183850036049	0.0811103100216294	0.0270367700072098	0.0630857966834895	0.0720980533525595	0.108147080028839	0.0360490266762797
Methylobacteriaceae	0.0630857966834895	0.0720980533525595	0.00901225666906993	0.0540735400144196	0.0270367700072098	0.0540735400144196	0.126171593366979	0.0450612833453497	0.0540735400144196	0.0991348233597693	0.0540735400144196	0.207281903388608	0.0360490266762797	0.0540735400144196	0.00901225666906993	0.0540735400144196	0.0270367700072098	0.0901225666906993
Bdellovibrionaceae	0.0630857966834895	0.0720980533525595	0.0270367700072098	0.126171593366979	0.153208363374189	0.0540735400144196	0.0720980533525595	0.0630857966834895	0.0540735400144196	0.0270367700072098	0.0540735400144196	0.0360490266762797	0.0540735400144196	0.117159336697909	0.0270367700072098	0.0450612833453497	0.00901225666906993	0.0270367700072098
Sneathiellaceae	0.0450612833453497	0.0630857966834895	0.0270367700072098	0.0270367700072098	0.0540735400144196	0.0450612833453497	0.0360490266762797	0.0540735400144196	0.00901225666906993	0.0360490266762797	0.0720980533525595	0.0630857966834895	0.0540735400144196	0.0901225666906993	0.0450612833453497	0.189257390050469	0.0811103100216294	0.0901225666906993
Cellulomonadaceae	0.0630857966834895	0.00901225666906993	0.00901225666906993	0.0180245133381399	0	0.0360490266762797	0.126171593366979	0.0360490266762797	0.0540735400144196	0.0540735400144196	0.0540735400144196	0.0811103100216294	0.135183850036049	0.00901225666906993	0.0720980533525595	0.0180245133381399	0.0450612833453497	0.0991348233597693
Glycomycetaceae	0.0720980533525595	0.162220620043259	0.0720980533525595	0.0270367700072098	0.0360490266762797	0.0540735400144196	0.0180245133381399	0.0270367700072098	0.0811103100216294	0.0270367700072098	0.0180245133381399	0.0360490266762797	0.0811103100216294	0.0450612833453497	0.0180245133381399	0.0630857966834895	0.0360490266762797	0.0360490266762797
Weeksellaceae	0.0180245133381399	0.0270367700072098	0.0270367700072098	0.0180245133381399	0.0450612833453497	0.0270367700072098	0.0180245133381399	0.108147080028839	0.0720980533525595	0.0630857966834895	0.0540735400144196	0.0180245133381399	0.0180245133381399	0.00901225666906993	0.0450612833453497	0.252343186733958	0.0270367700072098	0.0180245133381399
Planococcaceae	0.0450612833453497	0.0360490266762797	0.0270367700072098	0.0450612833453497	0.00901225666906993	0.0360490266762797	0.0720980533525595	0.00901225666906993	0.0540735400144196	0.00901225666906993	0.0991348233597693	0.243330930064888	0.0180245133381399	0.0270367700072098	0.0270367700072098	0.0180245133381399	0.0180245133381399	0.0270367700072098
Alcaligenaceae	0.0360490266762797	0	0.0360490266762797	0.00901225666906993	0.00901225666906993	0	0.0360490266762797	0.144196106705119	0	0.270367700072098	0.0270367700072098	0.126171593366979	0.00901225666906993	0	0.00901225666906993	0.0180245133381399	0	0.00901225666906993
Rhodanobacteraceae	0.0180245133381399	0.0450612833453497	0.0180245133381399	0.0540735400144196	0.0270367700072098	0.00901225666906993	0.0450612833453497	0.0540735400144196	0.0180245133381399	0	0.0180245133381399	0.0180245133381399	0.0360490266762797	0.0360490266762797	0.0630857966834895	0.0901225666906993	0.0360490266762797	0.135183850036049
Hyphomonadaceae	0.0630857966834895	0.0450612833453497	0.00901225666906993	0.00901225666906993	0	0.0270367700072098	0.0450612833453497	0.0811103100216294	0.0180245133381399	0.0540735400144196	0	0.0811103100216294	0.0450612833453497	0.00901225666906993	0.0450612833453497	0.0270367700072098	0.0901225666906993	0.0450612833453497
Rhodospirillaceae	0.0811103100216294	0.0360490266762797	0.0720980533525595	0.0360490266762797	0.0180245133381399	0.0450612833453497	0.0991348233597693	0.00901225666906993	0.0270367700072098	0.0360490266762797	0.0270367700072098	0.0180245133381399	0.0270367700072098	0.0270367700072098	0.0180245133381399	0.0180245133381399	0.00901225666906993	0.0270367700072098
Thermoactinomycetaceae_2	0.0360490266762797	0.0720980533525595	0.0180245133381399	0.0630857966834895	0.0180245133381399	0.00901225666906993	0.0270367700072098	0.108147080028839	0.0270367700072098	0.0270367700072098	0.0540735400144196	0.0540735400144196	0	0	0.0360490266762797	0.0270367700072098	0	0.0540735400144196
Ilumatobacteraceae	0.0450612833453497	0.0180245133381399	0.0540735400144196	0.0270367700072098	0.0270367700072098	0.0180245133381399	0.108147080028839	0.00901225666906993	0.0180245133381399	0.0450612833453497	0.0360490266762797	0.0630857966834895	0.0180245133381399	0.0270367700072098	0.0270367700072098	0.0270367700072098	0.0180245133381399	0.0360490266762797
Streptosporangiaceae	0	0.0540735400144196	0	0.0180245133381399	0.00901225666906993	0.0450612833453497	0.0180245133381399	0.0270367700072098	0.0901225666906993	0.0180245133381399	0.0270367700072098	0.0811103100216294	0.00901225666906993	0.00901225666906993	0.0540735400144196	0	0.0991348233597693	0.0270367700072098
Clostridiaceae_1	0	0.288392213410238	0.0180245133381399	0.00901225666906993	0	0	0.0360490266762797	0	0.0811103100216294	0	0.00901225666906993	0.00901225666906993	0	0	0	0	0	0.0811103100216294
Lacipirellulaceae	0	0.0450612833453497	0.00901225666906993	0	0	0.00901225666906993	0.0720980533525595	0.135183850036049	0.0180245133381399	0.00901225666906993	0.0450612833453497	0.0720980533525595	0.0180245133381399	0.00901225666906993	0.00901225666906993	0.0450612833453497	0	0
Alicyclobacillaceae	0	0	0	0.00901225666906993	0.00901225666906993	0.0270367700072098	0.0270367700072098	0.0360490266762797	0	0.0270367700072098	0.162220620043259	0.00901225666906993	0	0.0270367700072098	0	0.0720980533525595	0	0
Intrasporangiaceae	0.0180245133381399	0.0270367700072098	0.0270367700072098	0.0180245133381399	0.00901225666906993	0.0180245133381399	0.0180245133381399	0.0180245133381399	0.0270367700072098	0.0270367700072098	0.0540735400144196	0.0180245133381399	0.0180245133381399	0.00901225666906993	0.0270367700072098	0.0270367700072098	0.0180245133381399	0.0270367700072098
Verrucomicrobiaceae	0	0	0.00901225666906993	0	0.00901225666906993	0.00901225666906993	0.0180245133381399	0.0180245133381399	0.0630857966834895	0.00901225666906993	0.0630857966834895	0.0630857966834895	0.0180245133381399	0.0540735400144196	0.00901225666906993	0.0270367700072098	0.0270367700072098	0.00901225666906993
Nannocystaceae	0.0450612833453497	0	0.0180245133381399	0	0	0.00901225666906993	0.0540735400144196	0.0270367700072098	0.00901225666906993	0.0360490266762797	0.0270367700072098	0.0540735400144196	0.0180245133381399	0	0.0270367700072098	0.0180245133381399	0.0450612833453497	0.00901225666906993
Bacillaceae_2	0.0270367700072098	0	0	0	0.00901225666906993	0	0.153208363374189	0.0180245133381399	0.0901225666906993	0.00901225666906993	0.00901225666906993	0.0180245133381399	0	0	0.00901225666906993	0	0	0.0270367700072098
Paenibacillaceae_2	0.0180245133381399	0.0360490266762797	0.0360490266762797	0.0270367700072098	0.0180245133381399	0.0450612833453497	0.0270367700072098	0.0901225666906993	0	0.00901225666906993	0.00901225666906993	0.00901225666906993	0.00901225666906993	0	0.00901225666906993	0.00901225666906993	0	0.00901225666906993
Vicinamibacteraceae	0.00901225666906993	0.0180245133381399	0.00901225666906993	0	0	0	0.0630857966834895	0.0180245133381399	0.0270367700072098	0.00901225666906993	0.0270367700072098	0.0630857966834895	0.0450612833453497	0.00901225666906993	0.0360490266762797	0	0.00901225666906993	0.0180245133381399
Gaiellaceae	0.00901225666906993	0.0360490266762797	0.0180245133381399	0.00901225666906993	0	0.0180245133381399	0.0360490266762797	0.0540735400144196	0.00901225666906993	0.0180245133381399	0.0180245133381399	0.0180245133381399	0.00901225666906993	0.00901225666906993	0.0360490266762797	0.0180245133381399	0.0270367700072098	0.00901225666906993
Propionibacteriaceae	0.0540735400144196	0.0270367700072098	0	0.0180245133381399	0	0.0360490266762797	0.0540735400144196	0.0180245133381399	0.0180245133381399	0.00901225666906993	0	0.00901225666906993	0.00901225666906993	0.0180245133381399	0.0270367700072098	0	0	0.00901225666906993
Pirellulaceae	0.00901225666906993	0	0.00901225666906993	0	0	0.0180245133381399	0.0360490266762797	0.0180245133381399	0	0.0270367700072098	0.0450612833453497	0.0450612833453497	0.00901225666906993	0	0.00901225666906993	0.0180245133381399	0.0180245133381399	0
Lachnospiraceae	0	0.126171593366979	0	0	0	0	0	0	0	0	0	0	0	0	0	0	0	0.0811103100216294
Peptostreptococcaceae	0	0	0.0180245133381399	0	0.00901225666906993	0.00901225666906993	0.0180245133381399	0.00901225666906993	0	0.00901225666906993	0.00901225666906993	0.0630857966834895	0	0.00901225666906993	0	0.00901225666906993	0.00901225666906993	0.0180245133381399
Thermoactinomycetaceae_1	0.00901225666906993	0.00901225666906993	0.0180245133381399	0	0	0.0180245133381399	0	0	0.0270367700072098	0.00901225666906993	0	0.0450612833453497	0	0	0.00901225666906993	0.0270367700072098	0	0.0180245133381399
Cryptosporangiaceae	0	0	0.00901225666906993	0	0	0.0450612833453497	0	0.00901225666906993	0	0.00901225666906993	0.00901225666906993	0.0360490266762797	0.00901225666906993	0	0	0.0180245133381399	0.0270367700072098	0.00901225666906993
Erysipelotrichaceae	0	0.00901225666906993	0	0.00901225666906993	0.00901225666906993	0	0.00901225666906993	0.0180245133381399	0.0180245133381399	0.00901225666906993	0	0.0360490266762797	0.00901225666906993	0	0.0180245133381399	0	0.00901225666906993	0
Sterolibacteriaceae	0	0	0	0.00901225666906993	0	0.0270367700072098	0	0	0	0.0180245133381399	0.00901225666906993	0	0	0.00901225666906993	0.00901225666906993	0.0270367700072098	0.00901225666906993	0.0180245133381399
Gordoniaceae	0	0.00901225666906993	0.0360490266762797	0.00901225666906993	0.0180245133381399	0.00901225666906993	0	0	0	0	0	0.00901225666906993	0	0	0	0.0270367700072098	0.00901225666906993	0
Xanthobacteraceae	0	0.0270367700072098	0	0	0	0.0270367700072098	0.00901225666906993	0.0180245133381399	0	0.00901225666906993	0.0180245133381399	0	0	0	0	0.00901225666906993	0	0.00901225666906993
