#OTUID	KO1	KO2	KO3	KO4	KO5	KO6	OE1	OE2	OE3	OE4	OE5	OE6	WT1	WT2	WT3	WT4	WT5	WT6
c40cc30ae45181d02b1f55e600a22236	417.0	675.0	295.0	422.0	362.0	377.0	488.0	577.0	509.0	350.0	475.0	366.0	766.0	818.0	549.0	638.0	498.0	507.0
16908489817e1cfdd163f13938103c93	667.0	412.0	814.0	772.0	895.0	634.0	251.0	176.0	428.0	444.0	359.0	248.0	444.0	509.0	278.0	388.0	490.0	432.0
583f789c1c9501c9386e498f18e5af76	201.0	167.0	351.0	277.0	401.0	303.0	212.0	148.0	375.0	374.0	305.0	237.0	307.0	623.0	356.0	408.0	396.0	265.0
2613542be210e163f03bf8393405f6aa	482.0	134.0	158.0	242.0	447.0	173.0	202.0	188.0	136.0	209.0	213.0	125.0	344.0	451.0	188.0	187.0	371.0	289.0
532871e414f8ab8a15a7b332e5e2f0e6	16.0	43.0	68.0	11.0	53.0	61.0	447.0	287.0	255.0	138.0	373.0	506.0	478.0	426.0	361.0	240.0	521.0	130.0
b2e2e66f74585fbaa04a53f2e374edda	376.0	226.0	278.0	279.0	445.0	386.0	182.0	181.0	183.0	188.0	183.0	178.0	214.0	177.0	193.0	161.0	202.0	201.0
918e42d19fae443929267607a0906a2e	210.0	211.0	214.0	145.0	81.0	121.0	163.0	223.0	586.0	324.0	227.0	215.0	247.0	270.0	215.0	349.0	193.0	205.0
2de532901d69f6c44c9411e154934189	80.0	42.0	397.0	141.0	425.0	77.0	46.0	428.0	275.0	169.0	62.0	76.0	249.0	299.0	180.0	78.0	194.0	261.0
2457d3a95c5d465e4a5c8247fa7b6976	154.0	234.0	244.0	210.0	204.0	222.0	223.0	170.0	170.0	168.0	185.0	145.0	148.0	126.0	154.0	183.0	199.0	0.0
7772ab45417ce7f94580ca640332faea	137.0	279.0	126.0	158.0	104.0	195.0	134.0	150.0	237.0	146.0	220.0	151.0	176.0	109.0	139.0	166.0	260.0	191.0
f409e1c0ea1ba1769ba10adf78402913	109.0	123.0	220.0	255.0	350.0	234.0	69.0	62.0	83.0	110.0	149.0	104.0	126.0	183.0	79.0	100.0	185.0	94.0
e2df26c03c0638a1af8a188baac28c9c	73.0	69.0	134.0	136.0	199.0	115.0	79.0	190.0	187.0	141.0	193.0	78.0	140.0	131.0	172.0	117.0	206.0	205.0
6479b61d7a9d6fc01f7c87fd2d411149	111.0	151.0	125.0	165.0	169.0	140.0	101.0	78.0	124.0	144.0	136.0	94.0	143.0	206.0	178.0	166.0	129.0	121.0
e18463edc0ad6dc5e4c56abe5da548e1	98.0	135.0	89.0	129.0	174.0	123.0	172.0	136.0	79.0	153.0	121.0	70.0	136.0	173.0	166.0	144.0	98.0	136.0
a79fe461438cb34c1377c73c03cd1bb1	83.0	92.0	161.0	98.0	58.0	79.0	79.0	107.0	216.0	120.0	77.0	64.0	157.0	117.0	77.0	108.0	278.0	123.0
b735fdbe550786eda1c3f9208a992768	0.0	50.0	219.0	105.0	55.0	78.0	69.0	256.0	190.0	174.0	113.0	48.0	98.0	107.0	75.0	55.0	172.0	193.0
f0051f2cca46b1be44ec19fb2d078ed5	97.0	130.0	67.0	100.0	54.0	83.0	96.0	58.0	86.0	149.0	109.0	69.0	150.0	190.0	84.0	94.0	182.0	89.0
e07996c6f212646e5fd459bff0c18110	114.0	146.0	417.0	22.0	27.0	0.0	129.0	68.0	0.0	126.0	154.0	0.0	67.0	39.0	159.0	160.0	84.0	150.0
4227a837a2b512ef8de9d7550762f54b	99.0	100.0	75.0	77.0	53.0	101.0	273.0	136.0	146.0	166.0	102.0	256.0	0.0	44.0	87.0	64.0	0.0	75.0
e9e5453d19fdb35e1ad6163cbdb66e37	104.0	93.0	71.0	78.0	0.0	89.0	132.0	94.0	93.0	88.0	123.0	134.0	94.0	92.0	156.0	135.0	98.0	169.0
f7a6fcd66ada3722a49f06111f8c5790	145.0	141.0	134.0	98.0	134.0	148.0	117.0	89.0	135.0	62.0	87.0	107.0	113.0	78.0	0.0	0.0	81.0	128.0
2c44a5e6dbed239c20dba59ab3baf5b2	93.0	124.0	0.0	101.0	76.0	0.0	0.0	96.0	45.0	74.0	90.0	63.0	134.0	92.0	0.0	0.0	606.0	98.0
f1eb5817fcd032c5f781b3422cf68caa	103.0	96.0	85.0	69.0	53.0	83.0	133.0	87.0	83.0	105.0	97.0	125.0	94.0	118.0	101.0	89.0	0.0	122.0
20edc09c5e329be20dfdec8e1c818c8a	137.0	91.0	107.0	136.0	130.0	176.0	0.0	0.0	66.0	70.0	72.0	0.0	103.0	83.0	91.0	93.0	82.0	74.0
df93935e795654380ade653ed1525965	79.0	62.0	190.0	172.0	158.0	75.0	49.0	33.0	61.0	39.0	64.0	71.0	46.0	97.0	43.0	89.0	58.0	56.0
85454a2e08386703d079bfae48d01e4d	68.0	67.0	109.0	88.0	89.0	77.0	88.0	68.0	85.0	67.0	89.0	89.0	60.0	68.0	90.0	57.0	78.0	73.0
5e60d83a1adb960ddfa5aff1b7f17c86	74.0	218.0	40.0	52.0	45.0	98.0	58.0	72.0	39.0	54.0	130.0	68.0	109.0	30.0	180.0	34.0	45.0	55.0
629f5b36c263b9ee4eb178bc1b551fe6	46.0	75.0	45.0	93.0	0.0	34.0	90.0	72.0	70.0	91.0	80.0	56.0	99.0	136.0	100.0	97.0	76.0	65.0
98c3b0abf52a0424c47d9421c1be4961	52.0	116.0	71.0	41.0	36.0	51.0	74.0	77.0	61.0	52.0	79.0	74.0	71.0	105.0	60.0	95.0	137.0	71.0
b48a53d6ad73e1a56d308c5c9c4be6ea	73.0	91.0	101.0	65.0	100.0	103.0	48.0	48.0	38.0	42.0	67.0	63.0	62.0	59.0	67.0	59.0	66.0	69.0
581cde9ab39d3793473e19f0d302be3f	114.0	61.0	74.0	99.0	122.0	129.0	22.0	26.0	47.0	0.0	76.0	0.0	52.0	62.0	68.0	90.0	68.0	69.0
758300c9f99697052eec7298acb907e8	0.0	0.0	68.0	117.0	0.0	0.0	0.0	132.0	118.0	140.0	0.0	92.0	120.0	81.0	101.0	0.0	134.0	65.0
789b6fdb1ab2a38ac44e41fa70469e38	46.0	41.0	118.0	74.0	115.0	76.0	49.0	54.0	0.0	52.0	65.0	32.0	67.0	81.0	33.0	69.0	109.0	65.0
e639b84897084271ffa758b826ad9075	69.0	79.0	96.0	74.0	95.0	51.0	42.0	65.0	62.0	0.0	44.0	54.0	62.0	73.0	57.0	111.0	51.0	52.0
609c435df2b6d13fdf74492302880000	99.0	0.0	61.0	0.0	0.0	65.0	88.0	84.0	0.0	92.0	92.0	0.0	89.0	89.0	141.0	107.0	0.0	115.0
61dcea11ae71fc40c6e6df5825a28aef	57.0	40.0	41.0	64.0	74.0	90.0	56.0	40.0	79.0	106.0	49.0	34.0	54.0	75.0	69.0	47.0	48.0	55.0
eaf299d50da951604217dd0787e2f6c0	50.0	56.0	66.0	59.0	66.0	53.0	50.0	27.0	54.0	69.0	61.0	58.0	56.0	65.0	64.0	70.0	67.0	78.0
ea0d40646f1926e944417d5378fda0c0	41.0	63.0	28.0	37.0	20.0	37.0	98.0	70.0	67.0	64.0	65.0	77.0	64.0	59.0	65.0	60.0	38.0	59.0
17fbcf4ff0b12f1b0d956b13e887200d	0.0	142.0	179.0	34.0	57.0	157.0	55.0	0.0	0.0	47.0	0.0	0.0	0.0	72.0	63.0	203.0	0.0	0.0
827a683c6db670e0b8a9605e2e151eb1	65.0	83.0	100.0	58.0	0.0	72.0	52.0	54.0	75.0	44.0	88.0	0.0	50.0	38.0	61.0	101.0	0.0	66.0
0fc29f256ce2007a0279b6c01a3f4f6b	43.0	82.0	92.0	35.0	0.0	44.0	58.0	47.0	35.0	67.0	27.0	65.0	52.0	35.0	69.0	120.0	58.0	65.0
a2868fbccc2901bf358e63bda94f1688	43.0	29.0	36.0	24.0	50.0	35.0	62.0	41.0	38.0	40.0	74.0	71.0	40.0	71.0	103.0	64.0	75.0	80.0
e2d1e580c5b639b9e61828449c40dfab	34.0	66.0	76.0	24.0	29.0	62.0	51.0	51.0	98.0	0.0	79.0	41.0	50.0	89.0	66.0	0.0	55.0	80.0
54f2723cd9dac0b7a81a1c2e853e4631	88.0	38.0	0.0	90.0	0.0	65.0	57.0	0.0	68.0	85.0	108.0	32.0	88.0	51.0	0.0	62.0	51.0	61.0
114956dab263148acf17501269389111	0.0	67.0	0.0	68.0	66.0	106.0	48.0	38.0	106.0	79.0	0.0	0.0	86.0	89.0	81.0	53.0	41.0	0.0
9e38d7a596c1f49b5b95690023774f80	59.0	72.0	0.0	87.0	0.0	37.0	82.0	104.0	84.0	53.0	45.0	21.0	0.0	73.0	0.0	68.0	114.0	0.0
eb3fb4808ebf2ee9e68333c24d141e6a	32.0	77.0	83.0	37.0	65.0	44.0	26.0	55.0	34.0	46.0	47.0	28.0	38.0	73.0	58.0	72.0	27.0	56.0
8d1e176968f8ccbacc8a11fac0ecaa18	0.0	0.0	0.0	125.0	0.0	0.0	65.0	94.0	141.0	0.0	0.0	104.0	154.0	0.0	0.0	0.0	0.0	210.0
d5046a6bae4bf727e4dab0905fee4290	0.0	0.0	0.0	161.0	49.0	74.0	0.0	103.0	0.0	0.0	104.0	0.0	127.0	0.0	72.0	92.0	0.0	85.0
fbef1c475896345c87edd8af594cadb5	0.0	24.0	40.0	49.0	0.0	36.0	71.0	28.0	44.0	61.0	50.0	42.0	48.0	91.0	88.0	76.0	66.0	47.0
a8bb1e813fcb2199b9c6b377d38c9cfb	64.0	44.0	60.0	60.0	80.0	42.0	51.0	44.0	26.0	57.0	53.0	43.0	42.0	41.0	44.0	30.0	35.0	40.0
8e1dcba358617dc87ba3c52ab1b9083f	17.0	0.0	0.0	0.0	42.0	36.0	68.0	86.0	39.0	214.0	64.0	177.0	16.0	0.0	0.0	21.0	72.0	0.0
347016993f7528ea0beb87f0aca7a356	0.0	72.0	129.0	0.0	0.0	0.0	73.0	100.0	60.0	0.0	0.0	46.0	0.0	62.0	81.0	65.0	73.0	80.0
180774ad6f04090785c9452ba718964b	0.0	28.0	52.0	43.0	54.0	44.0	72.0	60.0	61.0	46.0	67.0	85.0	0.0	0.0	52.0	61.0	68.0	0.0
72b00e2185d7a042732bee2afdf64364	85.0	0.0	40.0	49.0	43.0	63.0	0.0	50.0	45.0	0.0	0.0	46.0	40.0	116.0	0.0	133.0	54.0	0.0
24dd2f242d30f22af3bf3ae541aa07b1	62.0	32.0	78.0	80.0	134.0	51.0	26.0	0.0	46.0	0.0	31.0	0.0	47.0	85.0	0.0	0.0	55.0	36.0
e3711a08054e8c5216fdc92bc870b843	43.0	48.0	49.0	47.0	43.0	0.0	47.0	37.0	34.0	28.0	98.0	33.0	31.0	45.0	45.0	40.0	44.0	50.0
cd0d9beab3067b65e2a1b8500ee222d7	0.0	16.0	0.0	0.0	48.0	0.0	15.0	99.0	0.0	50.0	54.0	36.0	293.0	18.0	0.0	0.0	89.0	41.0
04f1fc22d0bdd13e0ad64896a76f5a1a	17.0	0.0	36.0	0.0	126.0	26.0	84.0	55.0	34.0	35.0	36.0	0.0	63.0	28.0	52.0	44.0	27.0	89.0
cf773d9c9606ffb55f04f0c48a0c6ccb	0.0	59.0	0.0	54.0	63.0	52.0	69.0	0.0	41.0	39.0	38.0	44.0	35.0	29.0	59.0	59.0	57.0	50.0
7f9e4ac47d5552f4acac9d749072113e	80.0	0.0	240.0	0.0	0.0	44.0	0.0	0.0	140.0	133.0	0.0	0.0	36.0	0.0	32.0	0.0	0.0	0.0
b8bed788868c0c71e958794e0ff6f18f	35.0	40.0	54.0	57.0	43.0	56.0	27.0	19.0	29.0	27.0	37.0	26.0	37.0	51.0	34.0	35.0	65.0	20.0
6e915ebb669b342778e2ee4b599db225	27.0	34.0	54.0	45.0	109.0	26.0	27.0	0.0	0.0	38.0	71.0	26.0	34.0	29.0	24.0	30.0	59.0	54.0
8c248646d40e2f853144caa7c86e1713	66.0	100.0	0.0	0.0	0.0	138.0	59.0	31.0	0.0	108.0	26.0	0.0	109.0	0.0	0.0	47.0	0.0	0.0
be608be3474c2b5ee94dce2fd53518d4	120.0	0.0	0.0	85.0	0.0	51.0	0.0	0.0	0.0	0.0	42.0	0.0	76.0	202.0	0.0	0.0	73.0	0.0
05422c955c8bb773240803aaeb4567f7	93.0	41.0	59.0	63.0	0.0	23.0	57.0	35.0	128.0	80.0	0.0	0.0	0.0	0.0	0.0	66.0	0.0	0.0
f9fcf885afb77ed7c15f45317bfa7768	56.0	40.0	52.0	56.0	54.0	59.0	33.0	39.0	21.0	28.0	32.0	51.0	0.0	31.0	0.0	43.0	0.0	37.0
fb9887c5b22c5f7ffe9411cfe83794f3	44.0	47.0	48.0	34.0	36.0	0.0	60.0	29.0	40.0	0.0	51.0	31.0	20.0	0.0	80.0	19.0	0.0	55.0
d368eeb4b2a2e9f14221d10c1c892222	0.0	88.0	113.0	75.0	133.0	0.0	0.0	0.0	0.0	0.0	0.0	0.0	0.0	97.0	0.0	82.0	0.0	0.0
72d302bbb09ea78e6de89ef2819eec78	44.0	139.0	0.0	0.0	85.0	0.0	51.0	55.0	0.0	42.0	0.0	57.0	46.0	0.0	0.0	0.0	64.0	0.0
132e76e4fa5478b67098ed1bf4ee2a4d	112.0	104.0	0.0	18.0	10.0	25.0	69.0	14.0	48.0	10.0	13.0	21.0	16.0	22.0	21.0	36.0	23.0	14.0
ffa6233fddbce8efb643a3c7082987c6	0.0	38.0	78.0	56.0	84.0	62.0	0.0	0.0	20.0	0.0	24.0	35.0	35.0	53.0	0.0	33.0	46.0	0.0
dd7c96058b42caf8e3bdae6891c3b91f	50.0	38.0	49.0	60.0	60.0	46.0	0.0	0.0	33.0	0.0	40.0	35.0	42.0	0.0	0.0	56.0	0.0	46.0
e1f47ddc3d9a519f956a43018478892c	30.0	9.0	32.0	35.0	31.0	31.0	15.0	16.0	51.0	33.0	24.0	30.0	28.0	44.0	32.0	31.0	37.0	44.0
2ed9b4e1a2c0c66a956abb60c0bc21ac	29.0	0.0	58.0	108.0	76.0	88.0	0.0	0.0	0.0	0.0	0.0	0.0	45.0	65.0	0.0	0.0	35.0	49.0
6a5fd8229128131d8c382e0cf49f2bcb	40.0	58.0	0.0	68.0	0.0	111.0	0.0	0.0	53.0	28.0	46.0	35.0	0.0	0.0	34.0	0.0	73.0	0.0
d709d446e841852fd25d6a7100a18ead	15.0	19.0	32.0	60.0	59.0	19.0	32.0	21.0	19.0	29.0	30.0	12.0	43.0	63.0	0.0	43.0	25.0	21.0
7b399d4c063974cc7a4f91500b11b208	24.0	29.0	19.0	21.0	61.0	0.0	49.0	32.0	0.0	46.0	22.0	0.0	35.0	53.0	36.0	43.0	0.0	49.0
c085910e5fc5b31868fb24e0f462ea20	0.0	60.0	56.0	72.0	0.0	65.0	40.0	0.0	42.0	32.0	0.0	47.0	0.0	0.0	38.0	33.0	0.0	32.0
19ff95999ef093c79fdadc5374aa2c65	0.0	0.0	0.0	0.0	0.0	0.0	0.0	0.0	0.0	87.0	0.0	58.0	0.0	151.0	0.0	35.0	183.0	0.0
f97837d28e3442fbe919890466b06b2c	0.0	60.0	0.0	57.0	57.0	0.0	0.0	65.0	0.0	0.0	38.0	0.0	51.0	0.0	67.0	0.0	50.0	65.0
2bff56450da4890d6c10e23851d585b2	33.0	0.0	0.0	0.0	0.0	0.0	66.0	43.0	41.0	40.0	0.0	53.0	31.0	26.0	52.0	28.0	46.0	36.0
4ed47d60c842f6ed191fcf3b1f5ca9b9	0.0	48.0	63.0	40.0	0.0	0.0	33.0	0.0	0.0	40.0	0.0	0.0	67.0	42.0	0.0	0.0	82.0	80.0
b15d30bbd2edce64fec9cc4ce6fc5307	31.0	0.0	0.0	0.0	186.0	0.0	37.0	70.0	0.0	0.0	0.0	0.0	0.0	37.0	43.0	30.0	26.0	27.0
812d8d353e94d4b488b5ce8c61fafc9e	0.0	0.0	0.0	12.0	0.0	0.0	43.0	39.0	61.0	48.0	40.0	0.0	43.0	43.0	46.0	43.0	31.0	23.0
4416db1869c89234859b4a5170a7241e	0.0	0.0	0.0	0.0	63.0	0.0	26.0	144.0	0.0	27.0	77.0	0.0	0.0	0.0	46.0	0.0	50.0	37.0
99e462941ade595326576d83a3ffce96	42.0	52.0	30.0	0.0	26.0	0.0	30.0	0.0	0.0	0.0	56.0	60.0	32.0	27.0	56.0	0.0	0.0	46.0
9325f55da04db8ef994aebadb84656d2	0.0	0.0	93.0	0.0	91.0	0.0	0.0	0.0	0.0	0.0	68.0	0.0	53.0	0.0	79.0	0.0	0.0	66.0
84fe6278acb5e2be325922be6ef7481e	22.0	10.0	18.0	17.0	46.0	17.0	15.0	11.0	29.0	28.0	22.0	17.0	41.0	34.0	22.0	23.0	26.0	27.0
e5d7bdc95bf1cb0c59e956e0e61f2546	24.0	20.0	29.0	26.0	40.0	0.0	23.0	17.0	0.0	17.0	28.0	18.0	22.0	26.0	23.0	28.0	28.0	29.0
8aed870ab19e643617d65fc44f917fb7	30.0	0.0	75.0	0.0	62.0	0.0	0.0	53.0	0.0	0.0	42.0	0.0	0.0	23.0	0.0	0.0	57.0	24.0
265692d5219ce01bc1bf4962145aeffb	0.0	44.0	0.0	0.0	0.0	0.0	40.0	35.0	25.0	0.0	0.0	31.0	0.0	44.0	30.0	30.0	39.0	39.0
2b92834ada16216a0cfcd0f048730c21	37.0	0.0	27.0	28.0	0.0	25.0	0.0	0.0	0.0	0.0	44.0	0.0	0.0	0.0	53.0	41.0	39.0	47.0
2368318b0df90e2ed31a83a98f030a7a	28.0	1.0	0.0	26.0	1.0	41.0	0.0	0.0	29.0	45.0	22.0	0.0	0.0	52.0	46.0	19.0	4.0	19.0
ee61e09bc74ab2b81c9d538e5ee52460	0.0	0.0	58.0	19.0	0.0	0.0	35.0	0.0	37.0	0.0	27.0	40.0	24.0	21.0	0.0	0.0	20.0	44.0
b25835bd8da06a4a7a27bc7daf9dd085	0.0	26.0	25.0	0.0	0.0	0.0	41.0	22.0	23.0	27.0	25.0	36.0	0.0	25.0	36.0	24.0	0.0	0.0
2d4e4f7c57cdf2b6a819b1a9ad06e5b5	0.0	0.0	0.0	0.0	0.0	0.0	0.0	0.0	0.0	0.0	57.0	0.0	0.0	0.0	63.0	67.0	53.0	67.0
e464ec6cfdd1c61b7fc9d19cdbc29ce6	0.0	53.0	0.0	49.0	75.0	0.0	0.0	0.0	0.0	0.0	0.0	48.0	0.0	33.0	48.0	0.0	0.0	0.0
8b207bd3f56370dfc529a597c3d4c956	0.0	0.0	0.0	0.0	0.0	0.0	41.0	66.0	23.0	0.0	55.0	42.0	0.0	7.0	0.0	48.0	0.0	24.0
10704f8f8f28be0412fd41d5ae6ee135	22.0	0.0	17.0	15.0	0.0	0.0	0.0	0.0	24.0	16.0	21.0	0.0	18.0	35.0	38.0	40.0	26.0	27.0
a97229235933ab8cf6435a2c4d6f8530	26.0	0.0	15.0	0.0	0.0	0.0	0.0	0.0	92.0	60.0	0.0	13.0	34.0	0.0	22.0	29.0	0.0	0.0
1e1f218c2cb4d24032a30bfc3157ed92	0.0	0.0	0.0	0.0	0.0	0.0	55.0	0.0	0.0	0.0	0.0	0.0	47.0	42.0	51.0	0.0	81.0	0.0
ea77f0ef6e6140ba12c5f74391f5d81c	0.0	37.0	24.0	0.0	47.0	0.0	0.0	0.0	0.0	46.0	87.0	34.0	0.0	0.0	0.0	0.0	0.0	0.0
d2bd2fec8bcaae715a590a0c7433b633	0.0	32.0	0.0	0.0	14.0	30.0	22.0	0.0	31.0	30.0	0.0	0.0	38.0	0.0	48.0	0.0	30.0	0.0
0091167b8dc904da47b75f4475194893	0.0	0.0	0.0	0.0	110.0	0.0	0.0	27.0	0.0	39.0	48.0	0.0	0.0	0.0	0.0	24.0	0.0	26.0
044cd3b69284eb2d5225c69253b79bee	0.0	0.0	0.0	33.0	43.0	56.0	0.0	7.0	26.0	12.0	0.0	20.0	32.0	0.0	22.0	0.0	19.0	0.0
3c54a2e9d49b1fd4a61f22d5b9de3393	0.0	0.0	0.0	266.0	0.0	0.0	0.0	0.0	0.0	0.0	0.0	0.0	0.0	0.0	0.0	0.0	0.0	0.0
c61b398f1ad500b1d674412196ecd354	41.0	0.0	42.0	79.0	36.0	65.0	0.0	0.0	0.0	0.0	0.0	0.0	0.0	0.0	0.0	0.0	0.0	0.0
e6b96bf188ad0307fc33b7cf98a363f9	0.0	0.0	0.0	0.0	0.0	0.0	17.0	38.0	0.0	17.0	0.0	0.0	55.0	16.0	40.0	29.0	0.0	47.0
cadaff0d6f54bedc130f946ee23c845e	0.0	0.0	0.0	28.0	0.0	26.0	0.0	0.0	42.0	32.0	0.0	0.0	51.0	42.0	16.0	0.0	19.0	0.0
d73ad1ccbba0d338bc74882399b96941	0.0	30.0	21.0	0.0	0.0	39.0	0.0	42.0	0.0	15.0	29.0	35.0	0.0	0.0	0.0	44.0	0.0	0.0
6c87a70236bdc6a9d2d3e787ca18ffae	0.0	0.0	0.0	0.0	0.0	0.0	40.0	29.0	24.0	32.0	18.0	14.0	0.0	0.0	27.0	34.0	10.0	22.0
b71f34d024707701229a86923f8da50a	14.0	17.0	17.0	0.0	9.0	15.0	27.0	19.0	18.0	15.0	0.0	35.0	11.0	13.0	13.0	0.0	21.0	0.0
039f2f450cd67cab485bf121801bb8a9	0.0	0.0	0.0	29.0	0.0	131.0	24.0	0.0	0.0	0.0	0.0	0.0	0.0	0.0	32.0	0.0	0.0	26.0
d4848d1c7fa2d4e348f61edd4c0a95e4	28.0	50.0	0.0	36.0	0.0	0.0	0.0	0.0	36.0	0.0	0.0	0.0	0.0	37.0	0.0	53.0	0.0	0.0
98374b8502779e346e6c5225dbb4ebc5	0.0	0.0	0.0	0.0	29.0	0.0	0.0	30.0	0.0	22.0	0.0	57.0	0.0	36.0	30.0	36.0	0.0	0.0
0bae39922cb0fba09faf24d6b37a26c5	0.0	0.0	0.0	28.0	0.0	22.0	0.0	0.0	0.0	0.0	0.0	189.0	0.0	0.0	0.0	0.0	0.0	0.0
142d35f0c0b4d7343ac919e43fd9de00	0.0	0.0	49.0	38.0	44.0	0.0	0.0	0.0	29.0	22.0	28.0	0.0	0.0	0.0	0.0	0.0	25.0	0.0
8b482e83820693e05d4cc3faf46aac99	0.0	0.0	24.0	0.0	102.0	25.0	0.0	44.0	0.0	0.0	0.0	0.0	0.0	0.0	0.0	0.0	0.0	39.0
18e989871df2312cab35836aa831533a	0.0	0.0	0.0	0.0	180.0	0.0	0.0	0.0	0.0	0.0	0.0	0.0	26.0	0.0	0.0	0.0	25.0	0.0
359cf1ddbe1cacfc409c5c98c3c8674c	35.0	17.0	28.0	37.0	0.0	32.0	26.0	0.0	0.0	0.0	0.0	0.0	0.0	0.0	0.0	0.0	53.0	0.0
3d580696058e38bc8e7d6592e3b93802	0.0	0.0	0.0	0.0	0.0	0.0	0.0	75.0	0.0	0.0	126.0	0.0	0.0	0.0	0.0	26.0	0.0	0.0
bebf9e6c7de5c916f98cfbb67a232853	29.0	30.0	23.0	0.0	0.0	0.0	41.0	0.0	30.0	0.0	0.0	47.0	0.0	0.0	23.0	0.0	0.0	0.0
9a98a76d6da3f398bdd6b0201b15b843	48.0	0.0	0.0	0.0	24.0	45.0	0.0	0.0	61.0	0.0	0.0	0.0	0.0	0.0	0.0	42.0	0.0	0.0
226502d6970add75e9ea9acf36078577	0.0	0.0	0.0	0.0	0.0	142.0	0.0	0.0	0.0	0.0	0.0	65.0	0.0	0.0	0.0	0.0	0.0	0.0
db28867e51969585ab2bb9ed0a25519b	0.0	80.0	0.0	0.0	0.0	0.0	0.0	0.0	27.0	0.0	0.0	34.0	0.0	0.0	0.0	27.0	0.0	37.0
64dc39b14f6296c9feb83efb75442208	0.0	0.0	0.0	0.0	0.0	0.0	0.0	0.0	0.0	132.0	12.0	0.0	0.0	19.0	0.0	38.0	0.0	0.0
30737bb239ccda236a0eea9813591db7	30.0	0.0	0.0	0.0	0.0	0.0	0.0	0.0	0.0	25.0	31.0	0.0	0.0	34.0	54.0	26.0	0.0	0.0
9f0a63c24691886f5b135ba064ec40b2	0.0	0.0	0.0	0.0	0.0	0.0	10.0	0.0	0.0	0.0	33.0	0.0	0.0	0.0	0.0	0.0	68.0	84.0
b8b6733bd2d375d373664d1a76925f7c	40.0	0.0	0.0	0.0	0.0	0.0	0.0	0.0	0.0	0.0	74.0	0.0	49.0	0.0	0.0	0.0	29.0	0.0
fa46d0e63b0f4630e1d830ad737a14d4	0.0	0.0	29.0	0.0	26.0	0.0	0.0	27.0	0.0	0.0	30.0	0.0	0.0	0.0	0.0	13.0	36.0	30.0
8806bd440600876a3e50541e0c18f10f	0.0	54.0	29.0	0.0	63.0	0.0	0.0	0.0	0.0	0.0	0.0	0.0	0.0	0.0	0.0	0.0	36.0	0.0
b746e7884e92caff08ed3745f74f8df9	0.0	0.0	0.0	0.0	38.0	52.0	0.0	0.0	29.0	0.0	0.0	0.0	0.0	55.0	0.0	0.0	0.0	0.0
226be8d6db86ab00ab3af494b53ca913	39.0	46.0	0.0	47.0	0.0	0.0	0.0	0.0	0.0	0.0	0.0	0.0	0.0	41.0	0.0	0.0	0.0	0.0
73b2524018792ddac39fd8c7f73a961f	61.0	0.0	0.0	0.0	0.0	0.0	48.0	0.0	0.0	0.0	0.0	62.0	0.0	0.0	0.0	0.0	0.0	0.0
a35008ca28ce5db02ddf7a5ef8ee84dc	0.0	22.0	0.0	0.0	41.0	48.0	0.0	0.0	0.0	0.0	0.0	0.0	0.0	0.0	27.0	0.0	27.0	0.0
5f771cc2c61ffa72d6af2b9e7c6f386d	0.0	37.0	34.0	38.0	0.0	0.0	0.0	0.0	16.0	0.0	0.0	0.0	0.0	11.0	0.0	27.0	0.0	0.0
5b8b1874f76b860cbd0d250b26522aba	0.0	0.0	0.0	0.0	0.0	0.0	0.0	0.0	0.0	0.0	0.0	59.0	0.0	0.0	54.0	0.0	0.0	50.0
5248031d047cb58cf322fac2408a2f5e	0.0	0.0	0.0	53.0	0.0	53.0	0.0	0.0	0.0	0.0	0.0	0.0	0.0	53.0	0.0	0.0	0.0	0.0
a6dae0ea1b001760e9ff2aaf9b233158	31.0	0.0	0.0	0.0	0.0	0.0	0.0	0.0	27.0	20.0	29.0	0.0	0.0	0.0	49.0	0.0	0.0	0.0
87f416af5d06252532ea251dea6c9e43	0.0	0.0	0.0	0.0	0.0	34.0	51.0	0.0	0.0	0.0	0.0	39.0	0.0	0.0	0.0	0.0	32.0	0.0
f7a94e429f8706871c329179d97a8283	0.0	22.0	17.0	0.0	32.0	0.0	0.0	0.0	0.0	23.0	26.0	34.0	0.0	0.0	0.0	0.0	0.0	0.0
d4f0c64ccd4c80cbd0cabc8b48c4e5be	0.0	0.0	0.0	0.0	0.0	0.0	0.0	0.0	0.0	0.0	0.0	0.0	0.0	0.0	0.0	154.0	0.0	0.0
4872e90e618f7749decee28486d71ce2	58.0	0.0	0.0	0.0	43.0	0.0	0.0	0.0	0.0	0.0	0.0	0.0	0.0	0.0	50.0	0.0	0.0	0.0
9304494ad5b82f0ad6c585d39f883f82	0.0	0.0	0.0	0.0	0.0	0.0	0.0	0.0	0.0	0.0	0.0	0.0	0.0	0.0	43.0	102.0	0.0	0.0
92091155aa05ee90dd84177eeaa8d239	30.0	36.0	0.0	0.0	0.0	0.0	18.0	0.0	0.0	21.0	0.0	0.0	0.0	0.0	25.0	13.0	0.0	0.0
56a5dada1068d20db956dae603977a36	30.0	0.0	23.0	0.0	22.0	0.0	0.0	0.0	0.0	0.0	0.0	0.0	0.0	33.0	0.0	34.0	0.0	0.0
965d94c151ee4343a672595df0b9cd43	21.0	0.0	29.0	0.0	31.0	0.0	0.0	32.0	0.0	0.0	12.0	0.0	0.0	0.0	0.0	0.0	16.0	0.0
f765279cb441ad03538121fe50dcfe4b	0.0	0.0	35.0	0.0	0.0	0.0	0.0	44.0	0.0	45.0	17.0	0.0	0.0	0.0	0.0	0.0	0.0	0.0
fe1c3883e1ed8e7e258382c19568b892	0.0	22.0	0.0	0.0	0.0	0.0	0.0	0.0	0.0	0.0	37.0	0.0	17.0	0.0	0.0	0.0	38.0	22.0
10cd721d4ff7dc064930c1264a97121d	15.0	0.0	0.0	0.0	0.0	0.0	27.0	14.0	0.0	26.0	11.0	41.0	0.0	0.0	0.0	0.0	0.0	0.0
cc4773154cb5efc7368c141099b306db	0.0	0.0	41.0	20.0	0.0	0.0	23.0	0.0	0.0	0.0	0.0	0.0	0.0	0.0	49.0	0.0	0.0	0.0
3a19a737a80b01c7ff2d687c08bdab90	7.0	9.0	0.0	0.0	23.0	20.0	0.0	0.0	0.0	18.0	9.0	0.0	0.0	20.0	12.0	0.0	13.0	0.0
7f3d7197a5e1d20c3e51add1f4a08556	22.0	1.0	0.0	18.0	0.0	17.0	1.0	0.0	2.0	32.0	27.0	1.0	0.0	3.0	0.0	0.0	2.0	1.0
6cbd51362c56a15f9b34fc1bbec49b76	0.0	0.0	29.0	0.0	58.0	0.0	0.0	0.0	0.0	0.0	0.0	0.0	0.0	40.0	0.0	0.0	0.0	0.0
d29ebc2c841320e71f9c89048fae8fac	0.0	35.0	25.0	31.0	0.0	0.0	0.0	0.0	0.0	0.0	0.0	0.0	0.0	0.0	0.0	0.0	31.0	0.0
9cba0a5ae153c5066f530e2d7d7505cf	0.0	0.0	29.0	0.0	0.0	0.0	25.0	15.0	19.0	17.0	0.0	0.0	17.0	0.0	0.0	0.0	0.0	0.0
a95f576ed19ae81e0f40928a92d9972e	0.0	0.0	0.0	28.0	0.0	0.0	15.0	0.0	0.0	0.0	0.0	0.0	0.0	0.0	54.0	0.0	0.0	25.0
9fe3938ddff4f2d17b46251126aa07c1	0.0	0.0	0.0	0.0	0.0	0.0	0.0	0.0	0.0	0.0	0.0	0.0	65.0	0.0	0.0	0.0	57.0	0.0
b6b75dcd9aadb0370c897cee9dcc7416	40.0	0.0	80.0	0.0	0.0	0.0	0.0	0.0	0.0	0.0	0.0	0.0	0.0	0.0	0.0	0.0	0.0	0.0
e54febc2417418b044061e0a463b949b	0.0	0.0	30.0	0.0	20.0	0.0	0.0	51.0	0.0	0.0	0.0	0.0	0.0	0.0	0.0	0.0	19.0	0.0
be6c881cc3db5dcd38a4fab924aed05c	0.0	0.0	0.0	0.0	47.0	0.0	0.0	0.0	0.0	0.0	0.0	0.0	34.0	39.0	0.0	0.0	0.0	0.0
61ba432bab20f14356ce414adb87ab01	0.0	14.0	0.0	0.0	22.0	27.0	0.0	24.0	0.0	0.0	0.0	0.0	0.0	16.0	16.0	0.0	0.0	0.0
8cbbd9ec55e4fbe587eb16e67b534dd4	0.0	0.0	0.0	0.0	0.0	0.0	40.0	0.0	39.0	0.0	0.0	0.0	0.0	0.0	0.0	0.0	0.0	39.0
b7cb039533ae892596504c25ef5efae6	0.0	0.0	0.0	0.0	0.0	0.0	0.0	0.0	79.0	0.0	0.0	0.0	39.0	0.0	0.0	0.0	0.0	0.0
4e20dd0b3a25e9242830a2fc8d18a99f	0.0	0.0	0.0	0.0	0.0	0.0	0.0	0.0	0.0	21.0	26.0	0.0	15.0	26.0	0.0	21.0	0.0	9.0
6fcaa88ff490a593efef3a4697108847	0.0	0.0	0.0	117.0	0.0	0.0	0.0	0.0	0.0	0.0	0.0	0.0	0.0	0.0	0.0	0.0	0.0	0.0
8f5ef4d1bc539041d0b41bf06a2a2acf	0.0	0.0	0.0	13.0	0.0	20.0	24.0	0.0	29.0	0.0	0.0	31.0	0.0	0.0	0.0	0.0	0.0	0.0
9559d2b301aeb4e6d2757be12c6bc1e1	0.0	12.0	23.0	0.0	0.0	0.0	0.0	9.0	0.0	11.0	12.0	0.0	20.0	0.0	19.0	10.0	0.0	0.0
4eec4b252a1a6ffa73260e17c044fa97	0.0	30.0	0.0	16.0	0.0	23.0	22.0	0.0	0.0	0.0	0.0	24.0	0.0	0.0	0.0	0.0	0.0	0.0
a60f897681c48bd6734f68b8bedaff66	0.0	0.0	28.0	16.0	0.0	40.0	8.0	0.0	0.0	0.0	0.0	0.0	0.0	0.0	0.0	0.0	22.0	0.0
d9d3de099ab980a6e37338c7427cf818	0.0	0.0	0.0	14.0	22.0	0.0	13.0	0.0	0.0	10.0	0.0	0.0	0.0	39.0	0.0	0.0	16.0	0.0
1c7d579abfb3bc5ef79bca71c3c41f6f	0.0	0.0	0.0	0.0	0.0	0.0	61.0	0.0	0.0	52.0	0.0	0.0	0.0	0.0	0.0	0.0	0.0	0.0
dd493d127de0ec7c6cd15fb7f2942ee3	0.0	0.0	0.0	39.0	0.0	0.0	0.0	0.0	0.0	0.0	0.0	0.0	0.0	0.0	0.0	0.0	40.0	33.0
509f933abf0f9319d005a938986a9e9c	0.0	0.0	19.0	27.0	13.0	16.0	0.0	0.0	0.0	0.0	0.0	15.0	0.0	21.0	0.0	0.0	0.0	0.0
5a2423686ab5ec8ccdc8e689cd38c3bb	0.0	0.0	11.0	0.0	14.0	0.0	0.0	0.0	0.0	0.0	0.0	7.0	0.0	18.0	17.0	14.0	7.0	21.0
c11622ac4f14d6ac2d186b1844ac0f15	0.0	0.0	35.0	0.0	39.0	0.0	0.0	0.0	0.0	0.0	33.0	0.0	0.0	0.0	0.0	0.0	0.0	0.0
18f8d16e5a6a08d983d4afb93a488ce0	0.0	0.0	26.0	31.0	0.0	0.0	0.0	0.0	15.0	0.0	0.0	0.0	0.0	35.0	0.0	0.0	0.0	0.0
12d6688313e02b093d5bdf7f584fc398	0.0	0.0	0.0	21.0	0.0	0.0	0.0	63.0	0.0	0.0	0.0	22.0	0.0	0.0	0.0	0.0	0.0	0.0
1d667ccee5e06e1ebf0f25422f888604	0.0	0.0	0.0	0.0	0.0	0.0	0.0	0.0	64.0	40.0	0.0	0.0	0.0	0.0	0.0	0.0	0.0	0.0
79d0dd0d6f10c3e18fe8ecae8354c442	0.0	0.0	0.0	0.0	0.0	0.0	0.0	7.0	13.0	0.0	7.0	10.0	0.0	20.0	18.0	14.0	13.0	0.0
9c2a0cc6065de7aa69bb22fac0f0b8d4	17.0	0.0	0.0	0.0	0.0	0.0	0.0	0.0	0.0	0.0	19.0	18.0	36.0	0.0	0.0	0.0	0.0	11.0
42ea43379d3fa81ef069dcfce9a7353e	0.0	0.0	31.0	0.0	0.0	0.0	0.0	0.0	0.0	0.0	0.0	0.0	0.0	70.0	0.0	0.0	0.0	0.0
dfada7ee464c4e9c54a8781c2dfd4868	0.0	0.0	0.0	72.0	0.0	0.0	0.0	0.0	0.0	0.0	0.0	0.0	0.0	0.0	29.0	0.0	0.0	0.0
f86297c7642a31d4cf009514359f0159	0.0	0.0	26.0	26.0	0.0	25.0	0.0	0.0	23.0	0.0	0.0	0.0	0.0	0.0	0.0	0.0	0.0	0.0
4b39aa5ed55667bfbc1f474a28e2461e	0.0	0.0	0.0	0.0	11.0	32.0	0.0	0.0	0.0	0.0	0.0	27.0	0.0	17.0	13.0	0.0	0.0	0.0
ea3519e75e6087248647016159af3da7	0.0	23.0	0.0	0.0	0.0	0.0	0.0	0.0	48.0	0.0	0.0	0.0	0.0	0.0	28.0	0.0	0.0	0.0
3f416fdba05d3e90fa242191b6004d7a	0.0	0.0	21.0	0.0	0.0	0.0	0.0	0.0	0.0	0.0	0.0	0.0	0.0	0.0	33.0	44.0	0.0	0.0
b63c75a6cbd7a552350eeb081b92b42a	0.0	45.0	26.0	0.0	0.0	0.0	0.0	0.0	0.0	0.0	0.0	0.0	0.0	0.0	0.0	0.0	0.0	25.0
3b386c6179ee5d070d9b7f0e4162ebe7	0.0	19.0	0.0	12.0	0.0	14.0	29.0	0.0	0.0	0.0	22.0	0.0	0.0	0.0	0.0	0.0	0.0	0.0
cfc3693116ffe716dac660f5739ccac3	0.0	0.0	67.0	0.0	0.0	16.0	0.0	0.0	0.0	0.0	0.0	0.0	0.0	0.0	12.0	0.0	0.0	0.0
7ebb71f826fed1dee44aea077124c9bf	0.0	0.0	0.0	0.0	0.0	0.0	0.0	0.0	0.0	0.0	0.0	0.0	43.0	0.0	51.0	0.0	0.0	0.0
3507b98b39966f6a173f5dca9542e109	0.0	0.0	0.0	0.0	0.0	0.0	0.0	0.0	0.0	0.0	0.0	0.0	0.0	0.0	0.0	64.0	30.0	0.0
bbdd837fc8008149adab2a523af9ff9b	0.0	0.0	0.0	0.0	0.0	0.0	0.0	23.0	0.0	0.0	18.0	24.0	0.0	0.0	0.0	26.0	0.0	0.0
8ee0b479d84300c94fe3bb1ac7973501	0.0	13.0	0.0	0.0	0.0	0.0	30.0	47.0	0.0	0.0	0.0	0.0	0.0	0.0	0.0	0.0	0.0	0.0
393c35c281163405362cd0fda601d994	0.0	0.0	0.0	0.0	0.0	11.0	29.0	0.0	0.0	12.0	21.0	0.0	17.0	0.0	0.0	0.0	0.0	0.0
82a12b8410a23a6c7f1b328d61e32d7f	0.0	0.0	0.0	35.0	0.0	0.0	0.0	0.0	28.0	0.0	0.0	0.0	26.0	0.0	0.0	0.0	0.0	0.0
2e182b3e7e1a47afea624883009c1d08	0.0	0.0	0.0	0.0	0.0	45.0	0.0	0.0	43.0	0.0	0.0	0.0	0.0	0.0	0.0	0.0	0.0	0.0
4cda969e29ab7fd44d3cc81dbc376f41	0.0	0.0	0.0	25.0	0.0	0.0	25.0	21.0	0.0	0.0	0.0	0.0	0.0	16.0	0.0	0.0	0.0	0.0
fde93e45681af86a8edfec69023bc874	0.0	0.0	0.0	0.0	32.0	0.0	0.0	0.0	0.0	0.0	0.0	0.0	0.0	0.0	0.0	0.0	30.0	25.0
77e5ce2cfb4e91a0056d507afdbbf68d	14.0	0.0	0.0	0.0	0.0	12.0	0.0	0.0	0.0	17.0	14.0	0.0	0.0	16.0	0.0	0.0	13.0	0.0
ce7f1e93bc6605377673b898a923b275	0.0	29.0	0.0	0.0	0.0	31.0	0.0	0.0	0.0	0.0	0.0	0.0	0.0	0.0	0.0	26.0	0.0	0.0
8c2db1e76eb5c79b252819b1326e4dc8	0.0	0.0	0.0	0.0	0.0	35.0	0.0	0.0	15.0	0.0	0.0	35.0	0.0	0.0	0.0	0.0	0.0	0.0
87cd746c98007ceb4e1849e67e98d143	0.0	0.0	0.0	0.0	0.0	44.0	0.0	0.0	0.0	0.0	0.0	0.0	40.0	0.0	0.0	0.0	0.0	0.0
258247fdb4741ccf28fb3d48ae1eec78	0.0	0.0	0.0	0.0	0.0	0.0	28.0	0.0	0.0	0.0	0.0	0.0	31.0	25.0	0.0	0.0	0.0	0.0
e512c23345b592a84280f9ffe6c51c87	0.0	0.0	0.0	10.0	0.0	0.0	0.0	0.0	0.0	16.0	0.0	17.0	0.0	0.0	19.0	12.0	9.0	0.0
32518f0117b52bed3a21e579ee466d32	29.0	0.0	0.0	0.0	53.0	0.0	0.0	0.0	0.0	0.0	0.0	0.0	0.0	0.0	0.0	0.0	0.0	0.0
cb70308e9ea178b5df9071689a0c9357	0.0	41.0	0.0	0.0	0.0	0.0	31.0	0.0	0.0	0.0	0.0	0.0	0.0	0.0	0.0	10.0	0.0	0.0
5840e4b82272b00dc5731062ba89bf7a	0.0	0.0	0.0	0.0	10.0	0.0	0.0	0.0	10.0	0.0	0.0	0.0	9.0	24.0	0.0	6.0	9.0	13.0
eba9c8d71835b1ee31dcecd1466bf6de	0.0	0.0	0.0	0.0	0.0	0.0	0.0	0.0	0.0	81.0	0.0	0.0	0.0	0.0	0.0	0.0	0.0	0.0
c674de0d295fda8855a941c4b63c9e12	0.0	0.0	0.0	0.0	0.0	0.0	0.0	0.0	0.0	0.0	0.0	0.0	0.0	0.0	80.0	0.0	0.0	0.0
684b79b9e58e119cc5584d975e9bcf78	0.0	0.0	0.0	0.0	0.0	0.0	0.0	0.0	0.0	30.0	19.0	0.0	0.0	11.0	0.0	19.0	0.0	0.0
6bb460f77d88cffd19b42a04dc8600bb	0.0	0.0	0.0	0.0	0.0	17.0	26.0	0.0	0.0	0.0	15.0	0.0	0.0	0.0	0.0	0.0	0.0	16.0
1da0b977cf7cdf12beabe22a2bcbafc0	0.0	0.0	0.0	0.0	0.0	0.0	0.0	29.0	0.0	45.0	0.0	0.0	0.0	0.0	0.0	0.0	0.0	0.0
26a0f8597d9ec48dcb930066f098462f	0.0	31.0	0.0	0.0	0.0	0.0	0.0	0.0	0.0	0.0	0.0	0.0	0.0	42.0	0.0	0.0	0.0	0.0
4fbced03d34a6ca593bb45f32c74ecf7	0.0	0.0	53.0	0.0	0.0	0.0	0.0	0.0	0.0	0.0	0.0	0.0	0.0	0.0	0.0	0.0	0.0	20.0
f07b49906a566e327c48fa7bf9c86a1b	0.0	0.0	0.0	24.0	0.0	0.0	29.0	0.0	0.0	0.0	0.0	0.0	20.0	0.0	0.0	0.0	0.0	0.0
38ba1b9d8293b3d20643bf46b28fe452	0.0	0.0	0.0	0.0	0.0	0.0	0.0	0.0	27.0	0.0	0.0	0.0	24.0	0.0	0.0	0.0	22.0	0.0
92fed0fe21cec652c6bb733b03d12b61	38.0	0.0	0.0	0.0	0.0	34.0	0.0	0.0	0.0	0.0	0.0	0.0	0.0	0.0	0.0	0.0	0.0	0.0
5b64b4f611bcf5bdbf278e3f51ea4b2f	0.0	0.0	46.0	0.0	0.0	0.0	0.0	0.0	0.0	0.0	0.0	0.0	0.0	0.0	0.0	26.0	0.0	0.0
b46f62815f5bc0f8c18c3c374acabe23	0.0	0.0	0.0	0.0	72.0	0.0	0.0	0.0	0.0	0.0	0.0	0.0	0.0	0.0	0.0	0.0	0.0	0.0
492fe70e38a6420d15de3f8cf2c3f2e2	0.0	0.0	0.0	0.0	0.0	0.0	0.0	0.0	0.0	0.0	0.0	0.0	72.0	0.0	0.0	0.0	0.0	0.0
664b8db6dbd000978187583b0aa38d70	0.0	0.0	0.0	0.0	0.0	0.0	0.0	0.0	0.0	0.0	0.0	0.0	0.0	0.0	0.0	72.0	0.0	0.0
5d0539d2f262d5b86607087376aafffd	0.0	0.0	0.0	0.0	36.0	0.0	0.0	0.0	0.0	0.0	0.0	34.0	0.0	0.0	0.0	0.0	0.0	0.0
362ae05aa5b86d7cf62e25836c96c019	0.0	0.0	0.0	0.0	0.0	0.0	14.0	0.0	0.0	0.0	0.0	17.0	24.0	15.0	0.0	0.0	0.0	0.0
04e3a6ada3b7e75db1c648ad960c5b6b	0.0	69.0	0.0	0.0	0.0	0.0	0.0	0.0	0.0	0.0	0.0	0.0	0.0	0.0	0.0	0.0	0.0	0.0
aa106875a8d66c2c25e76dd0db977278	0.0	0.0	69.0	0.0	0.0	0.0	0.0	0.0	0.0	0.0	0.0	0.0	0.0	0.0	0.0	0.0	0.0	0.0
7f15de1a5b5691d47c28a25496ef0022	13.0	0.0	0.0	0.0	0.0	0.0	0.0	20.0	0.0	0.0	0.0	14.0	0.0	0.0	0.0	0.0	0.0	21.0
64fe861cdd45cadec0c218524cb151ce	0.0	0.0	0.0	35.0	0.0	0.0	0.0	0.0	33.0	0.0	0.0	0.0	0.0	0.0	0.0	0.0	0.0	0.0
aa9f0da0b78e11a0f3467df1d8556b77	17.0	0.0	0.0	0.0	0.0	0.0	20.0	0.0	0.0	18.0	0.0	0.0	12.0	0.0	0.0	0.0	0.0	0.0
9b894d8cd5e8208bf936fefcb32a76fe	0.0	0.0	0.0	31.0	0.0	36.0	0.0	0.0	0.0	0.0	0.0	0.0	0.0	0.0	0.0	0.0	0.0	0.0
93208ddd5649deb628ac01f8d50f17fb	0.0	44.0	0.0	0.0	0.0	0.0	0.0	0.0	10.0	0.0	0.0	0.0	0.0	0.0	0.0	0.0	0.0	11.0
6ded5f4d87b0cadc744ff08ec7cadd60	0.0	24.0	0.0	0.0	0.0	0.0	21.0	0.0	20.0	0.0	0.0	0.0	0.0	0.0	0.0	0.0	0.0	0.0
d663cb664f5b3f8d8410223af23ad509	0.0	0.0	0.0	0.0	0.0	0.0	0.0	0.0	0.0	0.0	0.0	0.0	0.0	0.0	0.0	0.0	0.0	65.0
a4edf37dcb791d48dd7acfff8c2ee20a	0.0	0.0	0.0	40.0	0.0	0.0	0.0	0.0	24.0	0.0	0.0	0.0	0.0	0.0	0.0	0.0	0.0	0.0
1f401f6c49670911fb758cbffc2e7c8f	0.0	0.0	0.0	0.0	0.0	0.0	30.0	0.0	34.0	0.0	0.0	0.0	0.0	0.0	0.0	0.0	0.0	0.0
02b1e87daf6e7c57b87e66d6b0b28ef6	0.0	0.0	0.0	0.0	0.0	0.0	0.0	0.0	0.0	0.0	0.0	64.0	0.0	0.0	0.0	0.0	0.0	0.0
433548aa2f6e36907c0d50504f4646e2	0.0	0.0	0.0	0.0	0.0	0.0	63.0	0.0	0.0	0.0	0.0	0.0	0.0	0.0	0.0	0.0	0.0	0.0
7ac37954e848f6a41e3404ca28963220	27.0	0.0	35.0	0.0	0.0	0.0	0.0	0.0	0.0	0.0	0.0	0.0	0.0	0.0	0.0	0.0	0.0	0.0
2f9cc6db815e044c44dd6029bf7c856c	17.0	23.0	0.0	11.0	11.0	0.0	0.0	0.0	0.0	0.0	0.0	0.0	0.0	0.0	0.0	0.0	0.0	0.0
e9e5fe2a1232770de63a97923366cd88	0.0	0.0	0.0	62.0	0.0	0.0	0.0	0.0	0.0	0.0	0.0	0.0	0.0	0.0	0.0	0.0	0.0	0.0
2c30d678e166b36c01ebd063043b744d	0.0	0.0	0.0	21.0	0.0	0.0	0.0	0.0	0.0	0.0	0.0	22.0	0.0	0.0	19.0	0.0	0.0	0.0
bb93c2fb908821d2fdb218445ef4a7ef	0.0	0.0	0.0	0.0	0.0	62.0	0.0	0.0	0.0	0.0	0.0	0.0	0.0	0.0	0.0	0.0	0.0	0.0
a77bab1594545abed7076fd3dfe83b3b	41.0	0.0	0.0	0.0	0.0	0.0	20.0	0.0	0.0	0.0	0.0	0.0	0.0	0.0	0.0	0.0	0.0	0.0
1eb61347a603d7b299ecfd1de63ee24a	16.0	0.0	0.0	24.0	21.0	0.0	0.0	0.0	0.0	0.0	0.0	0.0	0.0	0.0	0.0	0.0	0.0	0.0
f36ce6f91c7462cf99dd94aa8edf162c	0.0	22.0	0.0	0.0	0.0	0.0	0.0	0.0	0.0	0.0	18.0	0.0	21.0	0.0	0.0	0.0	0.0	0.0
f38c5e83725e638aed4bdc2bb70db4a8	0.0	19.0	0.0	24.0	0.0	0.0	0.0	0.0	11.0	0.0	0.0	0.0	0.0	7.0	0.0	0.0	0.0	0.0
cc0eca8ba73b37d1212462b19af615d1	0.0	0.0	0.0	0.0	61.0	0.0	0.0	0.0	0.0	0.0	0.0	0.0	0.0	0.0	0.0	0.0	0.0	0.0
69d00252284f63355fb0ab01839201f4	0.0	0.0	0.0	0.0	13.0	0.0	0.0	0.0	0.0	0.0	0.0	0.0	0.0	8.0	0.0	0.0	16.0	24.0
4b69e76e32f26690f2f71c3fee16b886	0.0	0.0	0.0	0.0	0.0	18.0	0.0	0.0	0.0	0.0	32.0	0.0	0.0	11.0	0.0	0.0	0.0	0.0
ff06c1a4f2c06b670ff5c7648496fb9b	0.0	60.0	0.0	0.0	0.0	0.0	0.0	0.0	0.0	0.0	0.0	0.0	0.0	0.0	0.0	0.0	0.0	0.0
cb98eb238c2c075a1defa4c4c5df056d	0.0	43.0	17.0	0.0	0.0	0.0	0.0	0.0	0.0	0.0	0.0	0.0	0.0	0.0	0.0	0.0	0.0	0.0
315ac59b3d132dfa82bd60aa52b63903	0.0	0.0	0.0	0.0	0.0	0.0	0.0	0.0	0.0	0.0	0.0	0.0	0.0	0.0	60.0	0.0	0.0	0.0
1dbb04cf7d715c165eb4b830ce575c51	24.0	0.0	0.0	0.0	0.0	0.0	0.0	0.0	0.0	35.0	0.0	0.0	0.0	0.0	0.0	0.0	0.0	0.0
ae75569e315a4cbf5ae40fc74985783f	23.0	0.0	0.0	0.0	0.0	0.0	0.0	0.0	0.0	0.0	0.0	0.0	16.0	0.0	0.0	0.0	20.0	0.0
0b2dbc8e21fde0a0f67c671d4ec8fa2a	0.0	0.0	0.0	0.0	0.0	0.0	0.0	0.0	0.0	0.0	25.0	0.0	33.0	0.0	0.0	0.0	0.0	0.0
788592cfb01a14a55e64c3585e4f689c	0.0	0.0	12.0	0.0	19.0	0.0	13.0	0.0	0.0	0.0	0.0	0.0	0.0	0.0	13.0	0.0	0.0	0.0
b3c52e109d5d9712af4013d18c2847e8	0.0	0.0	0.0	12.0	22.0	0.0	0.0	0.0	0.0	0.0	23.0	0.0	0.0	0.0	0.0	0.0	0.0	0.0
3643d90cb4f1d7d12fca0d3420e25f33	0.0	0.0	0.0	0.0	0.0	10.0	0.0	0.0	10.0	0.0	15.0	0.0	0.0	0.0	11.0	11.0	0.0	0.0
201c2e3ae6f5da9ab4abeef04a6023c8	0.0	0.0	0.0	0.0	0.0	0.0	0.0	0.0	0.0	11.0	0.0	0.0	0.0	0.0	23.0	0.0	0.0	23.0
7f1431129f9d52b688b5686663871460	0.0	13.0	30.0	0.0	0.0	0.0	13.0	0.0	0.0	0.0	0.0	0.0	0.0	0.0	0.0	0.0	0.0	0.0
8168e11a11a9aa626f7dc8633fcffe70	0.0	0.0	56.0	0.0	0.0	0.0	0.0	0.0	0.0	0.0	0.0	0.0	0.0	0.0	0.0	0.0	0.0	0.0
e271c4b3913303d43d19c68e7a3a34ac	0.0	0.0	0.0	0.0	0.0	31.0	0.0	0.0	0.0	0.0	0.0	25.0	0.0	0.0	0.0	0.0	0.0	0.0
f987881f67367b745b7ec6a6323f373c	0.0	0.0	0.0	0.0	0.0	0.0	17.0	0.0	15.0	0.0	0.0	0.0	0.0	0.0	0.0	12.0	0.0	12.0
671c0443f9284d3d2b8be7ce2a7c409a	0.0	0.0	0.0	0.0	0.0	0.0	0.0	0.0	0.0	0.0	0.0	14.0	41.0	0.0	0.0	0.0	0.0	0.0
ad2b691232051147ef04f17183ac9953	0.0	0.0	0.0	0.0	0.0	0.0	0.0	54.0	0.0	0.0	0.0	0.0	0.0	0.0	0.0	0.0	0.0	0.0
63f4760a21b4dce8fe4ac9ec1f6659b8	0.0	0.0	0.0	0.0	0.0	0.0	0.0	0.0	22.0	0.0	0.0	14.0	0.0	0.0	18.0	0.0	0.0	0.0
a69bc4197c381cdec1538ed67eb20f7a	0.0	0.0	0.0	0.0	0.0	0.0	0.0	0.0	0.0	22.0	0.0	0.0	0.0	0.0	16.0	0.0	16.0	0.0
764f3e206d0f3955f3cf0e57ca5fd9ec	0.0	0.0	0.0	0.0	0.0	0.0	0.0	0.0	0.0	0.0	54.0	0.0	0.0	0.0	0.0	0.0	0.0	0.0
c74ee65371f9cf6d065ad70162911b82	0.0	0.0	0.0	24.0	0.0	29.0	0.0	0.0	0.0	0.0	0.0	0.0	0.0	0.0	0.0	0.0	0.0	0.0
6cc719f8e565af2b8a44fce7e659b2f9	52.0	0.0	0.0	0.0	0.0	0.0	0.0	0.0	0.0	0.0	0.0	0.0	0.0	0.0	0.0	0.0	0.0	0.0
b25df3ebc5a33b54dd603eea5fdcb7ac	0.0	0.0	0.0	0.0	51.0	0.0	0.0	0.0	0.0	0.0	0.0	0.0	0.0	0.0	0.0	0.0	0.0	0.0
34bceaa0df7d0917d6d6f18c83ab5cc8	0.0	0.0	0.0	0.0	0.0	0.0	51.0	0.0	0.0	0.0	0.0	0.0	0.0	0.0	0.0	0.0	0.0	0.0
07237105f5dc995c301760053a88b352	0.0	0.0	0.0	0.0	0.0	0.0	0.0	0.0	6.0	8.0	12.0	0.0	0.0	8.0	0.0	0.0	11.0	6.0
a93cb7ad80aebedcb5ba017bc6adf88e	0.0	0.0	0.0	0.0	0.0	0.0	0.0	0.0	0.0	0.0	20.0	0.0	0.0	0.0	0.0	0.0	0.0	31.0
a4595f572d3bd6c911bb1e1cfedf4017	0.0	0.0	0.0	0.0	0.0	0.0	0.0	0.0	0.0	0.0	0.0	0.0	0.0	0.0	51.0	0.0	0.0	0.0
827c35db97ffc5c30c32b6fcfd02a9c8	0.0	0.0	0.0	0.0	0.0	0.0	0.0	0.0	50.0	0.0	0.0	0.0	0.0	0.0	0.0	0.0	0.0	0.0
9d3af2ddacc67816d41cb4bdc75302c0	0.0	0.0	0.0	0.0	0.0	0.0	0.0	0.0	0.0	0.0	0.0	0.0	0.0	0.0	0.0	0.0	0.0	50.0
575251ff1cfe4284f5dd256224bcd7a7	0.0	0.0	0.0	0.0	0.0	0.0	49.0	0.0	0.0	0.0	0.0	0.0	0.0	0.0	0.0	0.0	0.0	0.0
a4a4cf5220f2f80d3e1d0e7e7485847a	0.0	0.0	0.0	0.0	0.0	0.0	0.0	0.0	48.0	0.0	0.0	0.0	0.0	0.0	0.0	0.0	0.0	0.0
5a4effd62e53246b98000fb6111793ba	0.0	0.0	0.0	0.0	18.0	0.0	0.0	0.0	0.0	0.0	0.0	0.0	0.0	0.0	29.0	0.0	0.0	0.0
8188c08d88712f893b5b97e5cfa0a28c	46.0	0.0	0.0	0.0	0.0	0.0	0.0	0.0	0.0	0.0	0.0	0.0	0.0	0.0	0.0	0.0	0.0	0.0
d54de05d661db80c1e274e4bf89016bc	0.0	0.0	0.0	0.0	0.0	0.0	0.0	0.0	0.0	46.0	0.0	0.0	0.0	0.0	0.0	0.0	0.0	0.0
a8f6989fb8f536326ff0e7e254a165f8	0.0	0.0	0.0	0.0	0.0	0.0	0.0	0.0	0.0	0.0	0.0	0.0	0.0	0.0	0.0	0.0	0.0	46.0
def2d46ee7d6c84edfc6d6066513c520	26.0	0.0	0.0	0.0	0.0	0.0	0.0	0.0	0.0	0.0	0.0	19.0	0.0	0.0	0.0	0.0	0.0	0.0
c5bf14ed92150b1c03154b757cd33777	0.0	28.0	0.0	0.0	0.0	0.0	0.0	0.0	0.0	0.0	0.0	0.0	16.0	0.0	0.0	0.0	0.0	0.0
7de1195bbf7ee046d360ce4715aba4aa	0.0	0.0	0.0	0.0	0.0	0.0	16.0	0.0	0.0	0.0	0.0	0.0	0.0	28.0	0.0	0.0	0.0	0.0
b13bf318528fb9f2e97f7828cdb90fb4	0.0	0.0	0.0	0.0	0.0	0.0	0.0	22.0	0.0	0.0	0.0	22.0	0.0	0.0	0.0	0.0	0.0	0.0
f52236e08f7ea11fd623a2b6ebc53ff0	43.0	0.0	0.0	0.0	0.0	0.0	0.0	0.0	0.0	0.0	0.0	0.0	0.0	0.0	0.0	0.0	0.0	0.0
c1902cbc74f72369a73716770b24c7c6	0.0	43.0	0.0	0.0	0.0	0.0	0.0	0.0	0.0	0.0	0.0	0.0	0.0	0.0	0.0	0.0	0.0	0.0
2823e2f41d1edf3be12a2ab0dad7eeab	0.0	0.0	29.0	0.0	0.0	0.0	0.0	0.0	0.0	0.0	0.0	0.0	0.0	7.0	7.0	0.0	0.0	0.0
8259b5fd6c8662ddd370ba7e07532aeb	0.0	0.0	0.0	0.0	20.0	8.0	0.0	0.0	0.0	8.0	0.0	0.0	0.0	0.0	0.0	7.0	0.0	0.0
2380d955f8fb8df8ac6c6da1b862a874	0.0	0.0	0.0	0.0	0.0	0.0	0.0	0.0	0.0	13.0	0.0	0.0	0.0	0.0	0.0	30.0	0.0	0.0
4dc2dafb0c7f7a5cc399978f9b33072a	0.0	0.0	28.0	0.0	0.0	0.0	0.0	0.0	0.0	0.0	0.0	0.0	0.0	14.0	0.0	0.0	0.0	0.0
6a6fc59dc416b10ab53b1aea066984b2	0.0	41.0	0.0	0.0	0.0	0.0	0.0	0.0	0.0	0.0	0.0	0.0	0.0	0.0	0.0	0.0	0.0	0.0
fbf593eb5228bb66c5eba37ff378ba74	0.0	0.0	11.0	0.0	0.0	16.0	0.0	0.0	0.0	14.0	0.0	0.0	0.0	0.0	0.0	0.0	0.0	0.0
6be3fd73a88957a6728550a5b5d1b801	0.0	0.0	0.0	8.0	0.0	0.0	0.0	0.0	10.0	0.0	23.0	0.0	0.0	0.0	0.0	0.0	0.0	0.0
52c250b10e77a693fcc6cb745bc0423c	0.0	0.0	0.0	0.0	0.0	0.0	0.0	0.0	0.0	0.0	0.0	0.0	0.0	0.0	41.0	0.0	0.0	0.0
09d435dc243691fe73c414d9f09b7b0f	0.0	0.0	0.0	0.0	20.0	0.0	0.0	20.0	0.0	0.0	0.0	0.0	0.0	0.0	0.0	0.0	0.0	0.0
a263273eeb5f8f2b29269daf4a96520d	0.0	0.0	0.0	0.0	0.0	40.0	0.0	0.0	0.0	0.0	0.0	0.0	0.0	0.0	0.0	0.0	0.0	0.0
dc7cbb0b757f9cd9be1da19f19954a30	0.0	0.0	0.0	0.0	0.0	0.0	0.0	0.0	9.0	0.0	0.0	8.0	8.0	8.0	0.0	0.0	7.0	0.0
755e8ae70fe4739d2aba4a12aad519d6	0.0	0.0	39.0	0.0	0.0	0.0	0.0	0.0	0.0	0.0	0.0	0.0	0.0	0.0	0.0	0.0	0.0	0.0
6b2d08abadebbc427c4282eda9fa4473	0.0	0.0	0.0	16.0	0.0	7.0	0.0	0.0	0.0	0.0	0.0	0.0	0.0	16.0	0.0	0.0	0.0	0.0
a2f034041f9ca8e67fef239b20f87c45	0.0	0.0	0.0	0.0	0.0	39.0	0.0	0.0	0.0	0.0	0.0	0.0	0.0	0.0	0.0	0.0	0.0	0.0
7c656d8b065c597401372502f67e5caa	0.0	0.0	0.0	0.0	0.0	8.0	0.0	0.0	0.0	0.0	0.0	0.0	0.0	0.0	0.0	0.0	0.0	31.0
42aa931d8d72c38cc10d2cda6a49d4e6	0.0	0.0	0.0	0.0	38.0	0.0	0.0	0.0	0.0	0.0	0.0	0.0	0.0	0.0	0.0	0.0	0.0	0.0
ca24f34742bc338bb2bdf578fc397ef3	0.0	0.0	0.0	0.0	0.0	0.0	38.0	0.0	0.0	0.0	0.0	0.0	0.0	0.0	0.0	0.0	0.0	0.0
75f0a144847cdd8fdf20f70728475e39	0.0	0.0	0.0	0.0	0.0	0.0	15.0	16.0	0.0	0.0	0.0	0.0	7.0	0.0	0.0	0.0	0.0	0.0
7cc9558ccc76cb01af7eca9dcc77dfc0	37.0	0.0	0.0	0.0	0.0	0.0	0.0	0.0	0.0	0.0	0.0	0.0	0.0	0.0	0.0	0.0	0.0	0.0
e6514ea2f0a2a18f947d6b33aee1b62f	0.0	0.0	0.0	0.0	0.0	0.0	0.0	0.0	0.0	0.0	37.0	0.0	0.0	0.0	0.0	0.0	0.0	0.0
b33119d191976b368d49389a797253ca	0.0	0.0	0.0	0.0	0.0	0.0	0.0	0.0	0.0	0.0	0.0	0.0	0.0	0.0	0.0	37.0	0.0	0.0
0dd6948749976747d9ace2fd131fd025	0.0	0.0	0.0	36.0	0.0	0.0	0.0	0.0	0.0	0.0	0.0	0.0	0.0	0.0	0.0	0.0	0.0	0.0
68a1ef2890419ebaec2f02c63b1a4246	0.0	0.0	0.0	0.0	0.0	0.0	0.0	36.0	0.0	0.0	0.0	0.0	0.0	0.0	0.0	0.0	0.0	0.0
eb0897ed8c6a1e077e7c93c77a388f34	0.0	0.0	0.0	0.0	0.0	0.0	0.0	13.0	0.0	23.0	0.0	0.0	0.0	0.0	0.0	0.0	0.0	0.0
92235f29667694d3218bb30bbc5d1bd6	0.0	0.0	0.0	0.0	0.0	0.0	0.0	0.0	0.0	36.0	0.0	0.0	0.0	0.0	0.0	0.0	0.0	0.0
e465f2c51fc93809c56426f4b42309a3	0.0	0.0	0.0	0.0	0.0	0.0	0.0	0.0	0.0	0.0	0.0	0.0	0.0	0.0	0.0	0.0	0.0	36.0
b58c33e26bddcebeb0d7ff73f0b4bbd7	0.0	0.0	0.0	14.0	0.0	0.0	11.0	0.0	0.0	0.0	0.0	10.0	0.0	0.0	0.0	0.0	0.0	0.0
531ad93ef0db04363e95f1a628a6fc4b	0.0	0.0	0.0	0.0	35.0	0.0	0.0	0.0	0.0	0.0	0.0	0.0	0.0	0.0	0.0	0.0	0.0	0.0
f080ee51d5dda92250e7e1c16dfa3c13	0.0	0.0	0.0	0.0	0.0	0.0	35.0	0.0	0.0	0.0	0.0	0.0	0.0	0.0	0.0	0.0	0.0	0.0
fd051e192fa8f60ea4bf34fc738e21de	0.0	0.0	0.0	0.0	0.0	0.0	0.0	0.0	0.0	0.0	0.0	17.0	0.0	0.0	18.0	0.0	0.0	0.0
482d978b5efc1c36034a9885263f613c	0.0	0.0	0.0	0.0	0.0	0.0	0.0	0.0	0.0	0.0	0.0	0.0	0.0	0.0	0.0	0.0	35.0	0.0
e3d37d02060b6466018e654fff3eadc1	15.0	0.0	0.0	0.0	0.0	0.0	0.0	0.0	0.0	0.0	0.0	0.0	0.0	0.0	0.0	0.0	0.0	19.0
23748f2f79eb74aabf5f403249e078b8	0.0	0.0	0.0	14.0	0.0	0.0	0.0	0.0	0.0	0.0	0.0	0.0	0.0	20.0	0.0	0.0	0.0	0.0
3b84b755b06c0fb998e85e64bcf09a67	0.0	0.0	0.0	0.0	0.0	0.0	0.0	0.0	0.0	0.0	0.0	0.0	20.0	0.0	0.0	14.0	0.0	0.0
ce9cfe38a95ebf7ce0d976fcfd6e56de	0.0	0.0	0.0	0.0	0.0	0.0	0.0	0.0	0.0	0.0	0.0	0.0	0.0	0.0	0.0	0.0	0.0	34.0
e8b2899da22cc6091601980d8156eb11	0.0	0.0	33.0	0.0	0.0	0.0	0.0	0.0	0.0	0.0	0.0	0.0	0.0	0.0	0.0	0.0	0.0	0.0
1a2d512def5b90feb982293313ec1bdf	0.0	0.0	0.0	0.0	0.0	0.0	0.0	33.0	0.0	0.0	0.0	0.0	0.0	0.0	0.0	0.0	0.0	0.0
517bae36c3f249b7261904488361268b	0.0	0.0	0.0	0.0	0.0	0.0	0.0	0.0	0.0	33.0	0.0	0.0	0.0	0.0	0.0	0.0	0.0	0.0
ffc55a9676c11a243ad271888e567daf	2.0	0.0	0.0	3.0	0.0	0.0	0.0	4.0	0.0	0.0	16.0	0.0	1.0	0.0	0.0	0.0	4.0	2.0
b32a003de68222af588d971c300bd2ff	0.0	16.0	0.0	0.0	0.0	0.0	0.0	0.0	0.0	5.0	0.0	0.0	0.0	0.0	0.0	0.0	11.0	0.0
6e40d40cca7a3ef20abbf49d4cf4140c	0.0	0.0	0.0	19.0	13.0	0.0	0.0	0.0	0.0	0.0	0.0	0.0	0.0	0.0	0.0	0.0	0.0	0.0
08081220367d39c41c432ae8e1749764	0.0	0.0	0.0	18.0	0.0	0.0	0.0	0.0	0.0	0.0	0.0	0.0	0.0	14.0	0.0	0.0	0.0	0.0
95258ad67cb9f6fe00dd4956cca5b6bd	0.0	0.0	0.0	14.0	0.0	0.0	18.0	0.0	0.0	0.0	0.0	0.0	0.0	0.0	0.0	0.0	0.0	0.0
5a17ff04c624bea6cce01b0c5dbc63f5	0.0	0.0	0.0	0.0	0.0	0.0	5.0	0.0	0.0	8.0	0.0	0.0	0.0	0.0	11.0	0.0	0.0	8.0
18a578e16ffc0ce57a72a02e7b837c87	0.0	0.0	0.0	0.0	0.0	0.0	0.0	11.0	9.0	0.0	6.0	0.0	0.0	0.0	6.0	0.0	0.0	0.0
18012830b13e32695feae325b6732aa9	0.0	0.0	0.0	0.0	0.0	0.0	0.0	0.0	0.0	0.0	17.0	0.0	0.0	0.0	0.0	0.0	15.0	0.0
a24e924ec8117dca2d89d82a8a8f690e	0.0	0.0	0.0	0.0	0.0	0.0	0.0	0.0	0.0	0.0	0.0	10.0	0.0	10.0	12.0	0.0	0.0	0.0
d3fc09a6eb14d4071a45be848965bdfd	7.0	15.0	0.0	0.0	0.0	0.0	0.0	0.0	9.0	0.0	0.0	0.0	0.0	0.0	0.0	0.0	0.0	0.0
cdc25ea84856ef06c905f4ea40192055	0.0	0.0	16.0	0.0	0.0	0.0	0.0	0.0	0.0	0.0	0.0	0.0	0.0	0.0	15.0	0.0	0.0	0.0
76769091c762b9f88be9928d35b66c92	0.0	0.0	0.0	0.0	0.0	0.0	10.0	21.0	0.0	0.0	0.0	0.0	0.0	0.0	0.0	0.0	0.0	0.0
24b040e1acaedf28b4cebd88e563d98e	0.0	0.0	0.0	0.0	0.0	0.0	0.0	0.0	0.0	31.0	0.0	0.0	0.0	0.0	0.0	0.0	0.0	0.0
399a3348ee68938fff3a3b7d3af5579f	0.0	0.0	0.0	0.0	0.0	0.0	0.0	0.0	0.0	0.0	0.0	31.0	0.0	0.0	0.0	0.0	0.0	0.0
59c23ef29b2d911da6efcccd58fb84c2	30.0	0.0	0.0	0.0	0.0	0.0	0.0	0.0	0.0	0.0	0.0	0.0	0.0	0.0	0.0	0.0	0.0	0.0
6424fa130302dc492555727b12308108	0.0	0.0	0.0	30.0	0.0	0.0	0.0	0.0	0.0	0.0	0.0	0.0	0.0	0.0	0.0	0.0	0.0	0.0
348ce1112d037da8a7f65e6b3d2023e7	0.0	0.0	0.0	0.0	30.0	0.0	0.0	0.0	0.0	0.0	0.0	0.0	0.0	0.0	0.0	0.0	0.0	0.0
0d2b01b152d17321e8f16dba9820c343	0.0	0.0	0.0	0.0	0.0	0.0	30.0	0.0	0.0	0.0	0.0	0.0	0.0	0.0	0.0	0.0	0.0	0.0
93e19290419de1082f584d80bf90f43c	0.0	0.0	0.0	0.0	0.0	0.0	0.0	0.0	0.0	0.0	0.0	0.0	30.0	0.0	0.0	0.0	0.0	0.0
4df56424fd88fd51e0b254b2112682ef	0.0	0.0	0.0	0.0	0.0	0.0	0.0	0.0	0.0	0.0	0.0	0.0	0.0	30.0	0.0	0.0	0.0	0.0
7cc3a09d58b433179fc114f8ebfdc228	0.0	0.0	0.0	0.0	0.0	0.0	0.0	0.0	0.0	0.0	0.0	0.0	0.0	0.0	0.0	17.0	0.0	13.0
7de42087e4ffde1dbb13061a7eda04c1	0.0	0.0	0.0	0.0	0.0	0.0	29.0	0.0	0.0	0.0	0.0	0.0	0.0	0.0	0.0	0.0	0.0	0.0
b1dd1c294557e2189bdd0b1a7e6210f0	0.0	0.0	0.0	0.0	0.0	0.0	19.0	0.0	10.0	0.0	0.0	0.0	0.0	0.0	0.0	0.0	0.0	0.0
28c7f04feba778dbe1cdb3379ffba1a2	0.0	0.0	0.0	0.0	0.0	0.0	0.0	29.0	0.0	0.0	0.0	0.0	0.0	0.0	0.0	0.0	0.0	0.0
e52eb1ddaf961034b2bf3f27351f8515	0.0	0.0	0.0	0.0	0.0	0.0	0.0	0.0	0.0	0.0	11.0	0.0	0.0	0.0	0.0	0.0	18.0	0.0
f1ad5512c1247af478021b4b4fbd7f13	0.0	0.0	0.0	0.0	0.0	0.0	0.0	0.0	0.0	0.0	0.0	0.0	0.0	0.0	0.0	0.0	29.0	0.0
b65971ad7e4313ec7646e8129c44b99c	0.0	17.0	0.0	0.0	0.0	0.0	0.0	0.0	0.0	0.0	0.0	0.0	0.0	11.0	0.0	0.0	0.0	0.0
16d8eb3a9dd1d75b5e17405c0a87746c	0.0	15.0	0.0	0.0	0.0	0.0	0.0	0.0	0.0	0.0	0.0	0.0	0.0	0.0	0.0	0.0	0.0	13.0
dbc2a5ccd64a7899177d569b0b1eeb5d	0.0	0.0	0.0	0.0	28.0	0.0	0.0	0.0	0.0	0.0	0.0	0.0	0.0	0.0	0.0	0.0	0.0	0.0
36f007bec509e1174f060976f163b85e	0.0	0.0	0.0	0.0	19.0	0.0	0.0	0.0	0.0	0.0	0.0	0.0	0.0	0.0	9.0	0.0	0.0	0.0
c351e282c4a2f63549ded92e433aca76	0.0	0.0	0.0	0.0	0.0	0.0	0.0	0.0	0.0	0.0	19.0	0.0	0.0	0.0	0.0	0.0	9.0	0.0
05e724ace86b611469b3fdeb2cb38134	0.0	0.0	0.0	0.0	0.0	0.0	0.0	0.0	0.0	0.0	0.0	28.0	0.0	0.0	0.0	0.0	0.0	0.0
3cec443a323123e3f96e28aa8a4c81d7	0.0	0.0	0.0	0.0	0.0	0.0	0.0	0.0	0.0	0.0	0.0	0.0	0.0	28.0	0.0	0.0	0.0	0.0
86099d5e2ad8212cba8dbac3c49b395f	0.0	0.0	0.0	27.0	0.0	0.0	0.0	0.0	0.0	0.0	0.0	0.0	0.0	0.0	0.0	0.0	0.0	0.0
5b2c7ed2df55c5639db94f766e9e711d	0.0	0.0	0.0	0.0	0.0	12.0	0.0	0.0	0.0	0.0	0.0	0.0	0.0	0.0	0.0	15.0	0.0	0.0
efb97b3b97c05242ee0743d85b85c77e	0.0	0.0	0.0	0.0	0.0	0.0	0.0	0.0	0.0	0.0	0.0	0.0	0.0	0.0	0.0	27.0	0.0	0.0
20b897c6577653522f186ab655ec2262	0.0	0.0	0.0	0.0	0.0	0.0	0.0	0.0	26.0	0.0	0.0	0.0	0.0	0.0	0.0	0.0	0.0	0.0
ec876a42a40559895794b8e52e3f0e53	0.0	0.0	0.0	0.0	0.0	0.0	0.0	0.0	26.0	0.0	0.0	0.0	0.0	0.0	0.0	0.0	0.0	0.0
cbdc27c8bb052a0c10580cb185bd8521	0.0	0.0	0.0	0.0	0.0	0.0	0.0	0.0	0.0	26.0	0.0	0.0	0.0	0.0	0.0	0.0	0.0	0.0
1249f34a31651d1b5af1cc5e4b23ff81	0.0	0.0	0.0	0.0	0.0	0.0	0.0	0.0	0.0	26.0	0.0	0.0	0.0	0.0	0.0	0.0	0.0	0.0
13f42180047ec5d095f5de26ddeb5bc0	25.0	0.0	0.0	0.0	0.0	0.0	0.0	0.0	0.0	0.0	0.0	0.0	0.0	0.0	0.0	0.0	0.0	0.0
11e436b7c4d9cfbb97821ef9f0ccec5b	0.0	0.0	25.0	0.0	0.0	0.0	0.0	0.0	0.0	0.0	0.0	0.0	0.0	0.0	0.0	0.0	0.0	0.0
666f37ca3e8aa0cd53ebb35d31fa4cbc	0.0	0.0	25.0	0.0	0.0	0.0	0.0	0.0	0.0	0.0	0.0	0.0	0.0	0.0	0.0	0.0	0.0	0.0
85e1b7ef32d8d27c3bf9202a4b90beea	0.0	0.0	0.0	0.0	0.0	25.0	0.0	0.0	0.0	0.0	0.0	0.0	0.0	0.0	0.0	0.0	0.0	0.0
68fc8ec3fae0f85f8e36c117029455b7	0.0	0.0	0.0	0.0	0.0	25.0	0.0	0.0	0.0	0.0	0.0	0.0	0.0	0.0	0.0	0.0	0.0	0.0
cbd55931ab1bb39024b67ac69baad1cc	0.0	0.0	0.0	0.0	0.0	0.0	0.0	0.0	0.0	0.0	0.0	0.0	0.0	0.0	25.0	0.0	0.0	0.0
df613c645850fc78965bfbc5c775f1a6	14.0	0.0	0.0	0.0	0.0	0.0	0.0	0.0	0.0	10.0	0.0	0.0	0.0	0.0	0.0	0.0	0.0	0.0
2f5a6366665080e461127f37fa0e4c08	0.0	0.0	0.0	0.0	0.0	0.0	0.0	24.0	0.0	0.0	0.0	0.0	0.0	0.0	0.0	0.0	0.0	0.0
a73045abd33643b1d980a3d39697b9d7	0.0	0.0	0.0	0.0	0.0	0.0	0.0	0.0	0.0	0.0	0.0	0.0	24.0	0.0	0.0	0.0	0.0	0.0
a46a7237f42b4ce03452d0f55174bddb	0.0	0.0	0.0	0.0	0.0	0.0	0.0	0.0	0.0	0.0	0.0	0.0	0.0	0.0	24.0	0.0	0.0	0.0
56c582b17787aec17275c0905a75bbe4	0.0	0.0	0.0	0.0	0.0	0.0	0.0	0.0	0.0	0.0	0.0	0.0	0.0	0.0	10.0	0.0	0.0	14.0
2e5675c068f3d7a11b8ae6f2da6c5f92	0.0	0.0	0.0	0.0	0.0	0.0	0.0	0.0	0.0	0.0	0.0	0.0	0.0	0.0	0.0	0.0	0.0	24.0
88ae3b83fef3764fe20d33eb18070d1a	0.0	0.0	0.0	23.0	0.0	0.0	0.0	0.0	0.0	0.0	0.0	0.0	0.0	0.0	0.0	0.0	0.0	0.0
d5ed4a61cc37a5248853fbd0cb1ac6d3	0.0	0.0	0.0	0.0	0.0	0.0	23.0	0.0	0.0	0.0	0.0	0.0	0.0	0.0	0.0	0.0	0.0	0.0
1e0bfde3e33fbd4e49a4ab5df3eb0281	0.0	0.0	0.0	0.0	0.0	0.0	0.0	0.0	0.0	0.0	23.0	0.0	0.0	0.0	0.0	0.0	0.0	0.0
48415d0989bbc582d5176c0174fdc52e	0.0	0.0	0.0	0.0	0.0	0.0	0.0	0.0	0.0	0.0	0.0	0.0	0.0	0.0	0.0	23.0	0.0	0.0
6ad2465e7d5531b711c74d037efac864	9.0	0.0	0.0	0.0	0.0	0.0	13.0	0.0	0.0	0.0	0.0	0.0	0.0	0.0	0.0	0.0	0.0	0.0
97758201c23b4986213825350a439bec	0.0	22.0	0.0	0.0	0.0	0.0	0.0	0.0	0.0	0.0	0.0	0.0	0.0	0.0	0.0	0.0	0.0	0.0
c55d20104d7ddaed2910c0056beb1459	0.0	22.0	0.0	0.0	0.0	0.0	0.0	0.0	0.0	0.0	0.0	0.0	0.0	0.0	0.0	0.0	0.0	0.0
b72cd61ca1e94e91bbad168bfd3a144c	0.0	0.0	0.0	0.0	7.0	0.0	0.0	0.0	0.0	0.0	15.0	0.0	0.0	0.0	0.0	0.0	0.0	0.0
411336089f435e12120a573000f76951	0.0	0.0	0.0	0.0	0.0	0.0	0.0	0.0	0.0	0.0	22.0	0.0	0.0	0.0	0.0	0.0	0.0	0.0
abd80b56ec4c6c0849a123b1d77d5429	0.0	0.0	0.0	0.0	0.0	0.0	21.0	0.0	0.0	0.0	0.0	0.0	0.0	0.0	0.0	0.0	0.0	0.0
8222fb13eb2e6219fb22006bfa41d8ea	0.0	0.0	0.0	0.0	0.0	0.0	0.0	21.0	0.0	0.0	0.0	0.0	0.0	0.0	0.0	0.0	0.0	0.0
22e8cf1c5c5b5f93077b1a29e84221b8	0.0	0.0	0.0	0.0	0.0	0.0	0.0	0.0	21.0	0.0	0.0	0.0	0.0	0.0	0.0	0.0	0.0	0.0
4d782a32f1e43978a73d0a4a3b4da654	0.0	0.0	0.0	0.0	0.0	0.0	0.0	0.0	21.0	0.0	0.0	0.0	0.0	0.0	0.0	0.0	0.0	0.0
6ca8beb5c9eec646c7779905d8e8c1c2	0.0	0.0	0.0	0.0	0.0	0.0	0.0	0.0	0.0	0.0	0.0	0.0	0.0	0.0	0.0	21.0	0.0	0.0
efd5db77c9fd9ad16203133ac8987fff	0.0	20.0	0.0	0.0	0.0	0.0	0.0	0.0	0.0	0.0	0.0	0.0	0.0	0.0	0.0	0.0	0.0	0.0
2b01ef00168c1833ebbe247044a15c61	0.0	20.0	0.0	0.0	0.0	0.0	0.0	0.0	0.0	0.0	0.0	0.0	0.0	0.0	0.0	0.0	0.0	0.0
4963488e957c59e1ac1d61fab8ce53db	0.0	0.0	0.0	20.0	0.0	0.0	0.0	0.0	0.0	0.0	0.0	0.0	0.0	0.0	0.0	0.0	0.0	0.0
00993b7fa8df72adef8f0cf2b360de94	0.0	0.0	0.0	0.0	20.0	0.0	0.0	0.0	0.0	0.0	0.0	0.0	0.0	0.0	0.0	0.0	0.0	0.0
73e73a1152a3d5d9b04292d5faf9c949	0.0	0.0	0.0	0.0	0.0	0.0	0.0	20.0	0.0	0.0	0.0	0.0	0.0	0.0	0.0	0.0	0.0	0.0
d242e651d225ef33531881a83ff12703	0.0	0.0	0.0	0.0	0.0	0.0	0.0	0.0	0.0	20.0	0.0	0.0	0.0	0.0	0.0	0.0	0.0	0.0
4c17decd959e7f109dffc6936a7117a9	0.0	0.0	0.0	0.0	0.0	0.0	0.0	0.0	0.0	0.0	20.0	0.0	0.0	0.0	0.0	0.0	0.0	0.0
30cc45758876a09703a81754fbdd18cc	0.0	0.0	0.0	0.0	0.0	0.0	0.0	0.0	0.0	0.0	20.0	0.0	0.0	0.0	0.0	0.0	0.0	0.0
9c7b4748e87ac33b74ee79fd485300a8	0.0	0.0	0.0	0.0	0.0	0.0	0.0	0.0	0.0	0.0	20.0	0.0	0.0	0.0	0.0	0.0	0.0	0.0
43f01acbcb413fd1613c639f5312fe87	0.0	0.0	0.0	0.0	0.0	0.0	0.0	0.0	0.0	0.0	20.0	0.0	0.0	0.0	0.0	0.0	0.0	0.0
444a211bd5cb8bcbf6bd29f57f552286	0.0	0.0	0.0	0.0	0.0	0.0	0.0	0.0	0.0	0.0	0.0	20.0	0.0	0.0	0.0	0.0	0.0	0.0
a4d68a96f67478833513a092eeb40550	0.0	0.0	0.0	0.0	0.0	0.0	0.0	0.0	0.0	0.0	0.0	0.0	0.0	0.0	20.0	0.0	0.0	0.0
8ddb50ac6d70e4af0062c643bef11043	0.0	0.0	0.0	0.0	0.0	0.0	0.0	0.0	0.0	0.0	0.0	0.0	0.0	0.0	0.0	20.0	0.0	0.0
fe3491ad62328a82325937e58a565dcc	0.0	0.0	0.0	0.0	0.0	0.0	0.0	0.0	0.0	0.0	0.0	0.0	0.0	0.0	0.0	0.0	20.0	0.0
5d005ca017a9717d8f6220e9e6140643	0.0	19.0	0.0	0.0	0.0	0.0	0.0	0.0	0.0	0.0	0.0	0.0	0.0	0.0	0.0	0.0	0.0	0.0
d64081389e18e0a86005e4c79a378947	0.0	0.0	0.0	0.0	0.0	0.0	0.0	0.0	0.0	19.0	0.0	0.0	0.0	0.0	0.0	0.0	0.0	0.0
768a541c405897039c7659e712f70d88	0.0	0.0	0.0	0.0	0.0	0.0	0.0	0.0	0.0	0.0	0.0	19.0	0.0	0.0	0.0	0.0	0.0	0.0
77a77d2fbe071173d72c1bb3353eca8e	0.0	0.0	0.0	0.0	0.0	0.0	0.0	0.0	0.0	0.0	0.0	0.0	0.0	19.0	0.0	0.0	0.0	0.0
75d6055e736e311ce3bf742352688ebd	0.0	0.0	0.0	0.0	0.0	0.0	0.0	0.0	0.0	0.0	0.0	0.0	0.0	0.0	19.0	0.0	0.0	0.0
1156f65bc0b31ee240c8fe03f1102b2f	0.0	18.0	0.0	0.0	0.0	0.0	0.0	0.0	0.0	0.0	0.0	0.0	0.0	0.0	0.0	0.0	0.0	0.0
ad67c5c4d1013ab9ff15f763270b9f9f	0.0	0.0	0.0	0.0	0.0	0.0	0.0	0.0	0.0	0.0	18.0	0.0	0.0	0.0	0.0	0.0	0.0	0.0
6387bd1adeab88eebf99604c1c815053	0.0	0.0	0.0	0.0	0.0	0.0	0.0	0.0	0.0	0.0	0.0	18.0	0.0	0.0	0.0	0.0	0.0	0.0
91e2a74b001361ab8912a9b10ded5003	0.0	0.0	0.0	0.0	0.0	0.0	0.0	0.0	0.0	0.0	0.0	0.0	18.0	0.0	0.0	0.0	0.0	0.0
72355bd7f607ec5e14e9b73e3526a8da	0.0	0.0	0.0	0.0	0.0	0.0	0.0	0.0	0.0	0.0	0.0	0.0	0.0	0.0	18.0	0.0	0.0	0.0
3f75e13b50e3b9dba6b199003b5713f6	0.0	0.0	0.0	0.0	0.0	0.0	0.0	0.0	0.0	0.0	0.0	0.0	0.0	0.0	0.0	0.0	0.0	18.0
a848e0032aeefa5ad31e8569fc45d047	0.0	0.0	17.0	0.0	0.0	0.0	0.0	0.0	0.0	0.0	0.0	0.0	0.0	0.0	0.0	0.0	0.0	0.0
f8b828ee25b76f2f90464e4159a80171	0.0	0.0	0.0	17.0	0.0	0.0	0.0	0.0	0.0	0.0	0.0	0.0	0.0	0.0	0.0	0.0	0.0	0.0
ecf0e78f034c8064151b21431e1906e3	0.0	0.0	0.0	0.0	17.0	0.0	0.0	0.0	0.0	0.0	0.0	0.0	0.0	0.0	0.0	0.0	0.0	0.0
6f648bc3385133a01a77bc71fd856ad8	0.0	0.0	0.0	0.0	0.0	17.0	0.0	0.0	0.0	0.0	0.0	0.0	0.0	0.0	0.0	0.0	0.0	0.0
a25275d754bada535df101f62d143a7b	0.0	0.0	0.0	0.0	0.0	0.0	17.0	0.0	0.0	0.0	0.0	0.0	0.0	0.0	0.0	0.0	0.0	0.0
5fe2f3740399717b60b27c1e4e22929a	0.0	0.0	0.0	0.0	0.0	0.0	7.0	0.0	0.0	0.0	0.0	0.0	0.0	0.0	0.0	0.0	10.0	0.0
cb3f7fbcee84a8363be8ef5dd71c0d9f	0.0	0.0	0.0	0.0	0.0	0.0	0.0	17.0	0.0	0.0	0.0	0.0	0.0	0.0	0.0	0.0	0.0	0.0
7777f597d91cbad7d579621455f0d9d2	0.0	0.0	0.0	0.0	0.0	0.0	0.0	0.0	0.0	17.0	0.0	0.0	0.0	0.0	0.0	0.0	0.0	0.0
f12c12f9bf85af89f28b32fd89a7d250	0.0	0.0	0.0	0.0	0.0	0.0	0.0	0.0	0.0	17.0	0.0	0.0	0.0	0.0	0.0	0.0	0.0	0.0
d673c74b764bcf3de59bd8444ceb1239	0.0	0.0	0.0	0.0	0.0	0.0	0.0	0.0	0.0	5.0	0.0	0.0	0.0	0.0	0.0	4.0	8.0	0.0
bcee95e17a20847c017f075f48a19cd1	0.0	0.0	0.0	0.0	0.0	0.0	0.0	0.0	0.0	0.0	0.0	17.0	0.0	0.0	0.0	0.0	0.0	0.0
d2734a5206ce4193c995c544273c3790	0.0	0.0	0.0	0.0	0.0	0.0	0.0	0.0	0.0	0.0	0.0	0.0	0.0	17.0	0.0	0.0	0.0	0.0
573f2793994485d092d66920210ac887	0.0	0.0	0.0	0.0	0.0	0.0	0.0	0.0	0.0	0.0	0.0	0.0	0.0	0.0	17.0	0.0	0.0	0.0
4354921d6613cf837b7caa35b5822a2d	0.0	0.0	0.0	0.0	0.0	16.0	0.0	0.0	0.0	0.0	0.0	0.0	0.0	0.0	0.0	0.0	0.0	0.0
90f58a0b2f5b4d8ada8063a9a7214a20	0.0	0.0	0.0	0.0	0.0	0.0	0.0	0.0	0.0	0.0	16.0	0.0	0.0	0.0	0.0	0.0	0.0	0.0
7ff2604f3508dfbb1ab99940a3b74e67	0.0	0.0	0.0	0.0	0.0	0.0	0.0	0.0	0.0	0.0	0.0	16.0	0.0	0.0	0.0	0.0	0.0	0.0
e22af87f49915d8f4a4dd98cd06225d1	0.0	0.0	0.0	0.0	0.0	0.0	0.0	0.0	0.0	0.0	0.0	0.0	16.0	0.0	0.0	0.0	0.0	0.0
8a9cc0e5cd8219e566360fd5972026f6	0.0	0.0	0.0	0.0	0.0	0.0	0.0	0.0	0.0	0.0	0.0	0.0	0.0	16.0	0.0	0.0	0.0	0.0
92e495182187e69984e8f55f21c13ddb	0.0	0.0	0.0	0.0	0.0	0.0	0.0	0.0	0.0	0.0	0.0	0.0	0.0	0.0	0.0	0.0	0.0	16.0
e8faf3fc3ebfc4e4035299b8a1b76c48	0.0	15.0	0.0	0.0	0.0	0.0	0.0	0.0	0.0	0.0	0.0	0.0	0.0	0.0	0.0	0.0	0.0	0.0
2243d2d06960f31e6b14cd0dcbf11c9a	0.0	0.0	15.0	0.0	0.0	0.0	0.0	0.0	0.0	0.0	0.0	0.0	0.0	0.0	0.0	0.0	0.0	0.0
2534620eed34aed8c2cdbbb1f8e511cd	0.0	0.0	0.0	0.0	0.0	15.0	0.0	0.0	0.0	0.0	0.0	0.0	0.0	0.0	0.0	0.0	0.0	0.0
9a3d5c4a3994b3eb9637b13aa66d4b2f	0.0	0.0	0.0	0.0	0.0	0.0	0.0	0.0	0.0	0.0	0.0	0.0	0.0	15.0	0.0	0.0	0.0	0.0
9ed7f7e9eda7dc724998c670025fa259	0.0	0.0	0.0	0.0	0.0	0.0	0.0	0.0	0.0	0.0	0.0	0.0	0.0	0.0	15.0	0.0	0.0	0.0
1e67e5ce78ead7a94d92c842169870bd	0.0	14.0	0.0	0.0	0.0	0.0	0.0	0.0	0.0	0.0	0.0	0.0	0.0	0.0	0.0	0.0	0.0	0.0
0df6fc9316f0edb994e3bfeed51b678a	0.0	0.0	14.0	0.0	0.0	0.0	0.0	0.0	0.0	0.0	0.0	0.0	0.0	0.0	0.0	0.0	0.0	0.0
2f7ebaf98da3a17e78a9b56d36940d5d	0.0	0.0	14.0	0.0	0.0	0.0	0.0	0.0	0.0	0.0	0.0	0.0	0.0	0.0	0.0	0.0	0.0	0.0
39ed46999d862509490456545596f190	0.0	0.0	0.0	0.0	0.0	14.0	0.0	0.0	0.0	0.0	0.0	0.0	0.0	0.0	0.0	0.0	0.0	0.0
6b382cfdc714439a46a5fb5871ba5e79	0.0	0.0	0.0	0.0	0.0	0.0	0.0	0.0	14.0	0.0	0.0	0.0	0.0	0.0	0.0	0.0	0.0	0.0
b630297fd2b72aef8d04c1bdadf3595a	0.0	0.0	0.0	0.0	0.0	0.0	0.0	0.0	0.0	0.0	14.0	0.0	0.0	0.0	0.0	0.0	0.0	0.0
7e8b0de0a5b04e12f5600ee244fa7ee4	0.0	0.0	0.0	0.0	0.0	0.0	0.0	0.0	0.0	0.0	0.0	0.0	0.0	0.0	14.0	0.0	0.0	0.0
33bdf45a89125abd3770fd52e78b1611	0.0	0.0	0.0	0.0	0.0	0.0	0.0	0.0	0.0	0.0	0.0	0.0	0.0	0.0	0.0	14.0	0.0	0.0
4fea5d897cfe7b9904486599a00ec5bf	0.0	0.0	0.0	0.0	0.0	0.0	0.0	0.0	0.0	0.0	0.0	0.0	0.0	0.0	0.0	0.0	14.0	0.0
62f195445fedd769425404b9b607332c	0.0	0.0	13.0	0.0	0.0	0.0	0.0	0.0	0.0	0.0	0.0	0.0	0.0	0.0	0.0	0.0	0.0	0.0
19429087536474c70f064484ff82fb18	0.0	0.0	0.0	13.0	0.0	0.0	0.0	0.0	0.0	0.0	0.0	0.0	0.0	0.0	0.0	0.0	0.0	0.0
b2b06e159d6aaca2ca4efc5882a86b7b	0.0	0.0	0.0	13.0	0.0	0.0	0.0	0.0	0.0	0.0	0.0	0.0	0.0	0.0	0.0	0.0	0.0	0.0
71ef8dcb06d55decef3283a3401f2b5b	0.0	0.0	0.0	0.0	0.0	13.0	0.0	0.0	0.0	0.0	0.0	0.0	0.0	0.0	0.0	0.0	0.0	0.0
2b28d7ce820f4841a9cd6f35cbaac24e	0.0	0.0	0.0	0.0	0.0	0.0	0.0	7.0	0.0	6.0	0.0	0.0	0.0	0.0	0.0	0.0	0.0	0.0
06e6432cf6b620e7ceeeaed7e4408b0e	0.0	0.0	0.0	0.0	0.0	0.0	0.0	0.0	13.0	0.0	0.0	0.0	0.0	0.0	0.0	0.0	0.0	0.0
0570245dafed7ba98a1073ce4fdfba3c	0.0	0.0	0.0	0.0	0.0	0.0	0.0	0.0	0.0	13.0	0.0	0.0	0.0	0.0	0.0	0.0	0.0	0.0
7cf711bec3d603db69903848271ed777	0.0	0.0	0.0	0.0	0.0	0.0	0.0	0.0	0.0	0.0	0.0	0.0	13.0	0.0	0.0	0.0	0.0	0.0
185038582d6ab9cc59db07541c4039a8	0.0	0.0	0.0	0.0	0.0	0.0	0.0	0.0	0.0	0.0	0.0	0.0	13.0	0.0	0.0	0.0	0.0	0.0
4a10a6a1b7f277edefcb4d388b10727f	0.0	0.0	0.0	0.0	0.0	0.0	0.0	0.0	0.0	0.0	0.0	0.0	0.0	13.0	0.0	0.0	0.0	0.0
9a429e8d5f8a1aef23ba84bc644d9f75	0.0	0.0	0.0	0.0	0.0	0.0	0.0	0.0	0.0	0.0	0.0	0.0	0.0	0.0	0.0	13.0	0.0	0.0
e24284cd64b51c18305ac3e8dc4247fc	0.0	0.0	0.0	0.0	0.0	0.0	0.0	0.0	0.0	0.0	0.0	0.0	0.0	0.0	0.0	0.0	13.0	0.0
2285674a3303469666f6e5f41f88d646	0.0	0.0	0.0	0.0	0.0	0.0	0.0	0.0	0.0	0.0	0.0	0.0	0.0	0.0	0.0	0.0	0.0	13.0
51d0684957f62882cc712fb99ee89adf	0.0	6.0	0.0	0.0	0.0	0.0	0.0	0.0	6.0	0.0	0.0	0.0	0.0	0.0	0.0	0.0	0.0	0.0
804ecc40ed41eb2f53f5952077b55287	0.0	0.0	0.0	0.0	12.0	0.0	0.0	0.0	0.0	0.0	0.0	0.0	0.0	0.0	0.0	0.0	0.0	0.0
2e0041c9402c1d71f2d27251848ce57c	0.0	0.0	0.0	0.0	0.0	0.0	12.0	0.0	0.0	0.0	0.0	0.0	0.0	0.0	0.0	0.0	0.0	0.0
70fe3567f39a704315d7eeb7c39cefeb	0.0	0.0	0.0	0.0	0.0	0.0	12.0	0.0	0.0	0.0	0.0	0.0	0.0	0.0	0.0	0.0	0.0	0.0
2ca372807466dc4d0cf511d8ed1bdc1d	0.0	0.0	0.0	0.0	0.0	0.0	0.0	8.0	0.0	0.0	0.0	0.0	0.0	0.0	4.0	0.0	0.0	0.0
f70948c7f00a53750edd5dc287fe587d	0.0	0.0	0.0	0.0	0.0	0.0	0.0	0.0	0.0	0.0	0.0	0.0	12.0	0.0	0.0	0.0	0.0	0.0
de44fe9beb41fdb7eefcee146a94ca2f	0.0	0.0	0.0	0.0	0.0	0.0	0.0	0.0	0.0	0.0	0.0	0.0	12.0	0.0	0.0	0.0	0.0	0.0
8cf8cfb5f3f8deb095f0fabdc714fb80	0.0	0.0	0.0	0.0	0.0	0.0	0.0	0.0	0.0	0.0	0.0	0.0	0.0	0.0	12.0	0.0	0.0	0.0
28164976a73a1b6e9128b5259e247cb4	0.0	0.0	0.0	0.0	0.0	0.0	0.0	0.0	0.0	0.0	0.0	0.0	0.0	0.0	0.0	0.0	12.0	0.0
6e0b41411bf6499a4d0f9b6cc10d341f	0.0	0.0	11.0	0.0	0.0	0.0	0.0	0.0	0.0	0.0	0.0	0.0	0.0	0.0	0.0	0.0	0.0	0.0
20c553592a5d0b2ca57f5ae5c6dcd4b7	0.0	0.0	8.0	0.0	0.0	0.0	0.0	0.0	0.0	0.0	0.0	0.0	0.0	0.0	0.0	0.0	3.0	0.0
ace3382df20734b9df528693112d022c	0.0	0.0	0.0	0.0	0.0	0.0	0.0	0.0	0.0	0.0	0.0	11.0	0.0	0.0	0.0	0.0	0.0	0.0
80a643d02b9c75c1bae10fe571a620e8	0.0	0.0	0.0	0.0	0.0	0.0	0.0	0.0	0.0	0.0	0.0	11.0	0.0	0.0	0.0	0.0	0.0	0.0
419f31379a21452b3bcf2fe83c35f222	0.0	0.0	0.0	0.0	0.0	0.0	0.0	0.0	0.0	0.0	0.0	0.0	0.0	11.0	0.0	0.0	0.0	0.0
3fdf3bf49330aaeceef8cf82a9b0ba55	0.0	0.0	0.0	10.0	0.0	0.0	0.0	0.0	0.0	0.0	0.0	0.0	0.0	0.0	0.0	0.0	0.0	0.0
a45625eeedc938e40bcfda3b89e32646	0.0	0.0	0.0	0.0	0.0	0.0	0.0	10.0	0.0	0.0	0.0	0.0	0.0	0.0	0.0	0.0	0.0	0.0
3c9681de0e2fa0288c97f30fec1718dd	0.0	0.0	0.0	0.0	0.0	0.0	0.0	10.0	0.0	0.0	0.0	0.0	0.0	0.0	0.0	0.0	0.0	0.0
88b6db04e72016a1c061d91857ffacca	0.0	0.0	0.0	0.0	0.0	0.0	0.0	0.0	10.0	0.0	0.0	0.0	0.0	0.0	0.0	0.0	0.0	0.0
4dd24333afd05ab38697d0eeb8f7a9a2	0.0	0.0	0.0	0.0	0.0	0.0	0.0	0.0	3.0	3.0	0.0	0.0	0.0	0.0	0.0	0.0	0.0	4.0
bc029b976fed8d0fe40031c2a5d6c4dd	0.0	0.0	0.0	0.0	0.0	0.0	0.0	0.0	0.0	10.0	0.0	0.0	0.0	0.0	0.0	0.0	0.0	0.0
aea05f4f8b3f56897093ab9a4ffcc2ab	0.0	0.0	0.0	0.0	0.0	0.0	0.0	0.0	0.0	0.0	10.0	0.0	0.0	0.0	0.0	0.0	0.0	0.0
640bf6cd92411da2c7ac61d4c7a9135e	0.0	0.0	0.0	0.0	0.0	0.0	0.0	0.0	0.0	0.0	0.0	0.0	0.0	10.0	0.0	0.0	0.0	0.0
e4001a929ce466b5a85654324bc9302c	0.0	0.0	0.0	0.0	0.0	0.0	0.0	0.0	0.0	0.0	0.0	0.0	0.0	0.0	10.0	0.0	0.0	0.0
fbb2345ef0494c6869928ab47b539833	0.0	0.0	0.0	0.0	0.0	0.0	0.0	0.0	0.0	0.0	0.0	0.0	0.0	0.0	0.0	0.0	10.0	0.0
272686c0aa26f2ac3a27d65c16d9d0d1	0.0	0.0	0.0	0.0	0.0	0.0	0.0	0.0	0.0	0.0	0.0	0.0	0.0	0.0	0.0	0.0	10.0	0.0
6e6a1e98eaabe3cfebeab38038544d97	0.0	0.0	0.0	0.0	0.0	0.0	0.0	0.0	0.0	0.0	0.0	0.0	0.0	0.0	0.0	0.0	0.0	10.0
dc89a7fe8d890658fb301f5392ae282c	0.0	0.0	0.0	0.0	0.0	0.0	0.0	0.0	0.0	0.0	0.0	0.0	0.0	0.0	0.0	0.0	0.0	10.0
da07c7fd45043fc57bd6e4885644b413	0.0	9.0	0.0	0.0	0.0	0.0	0.0	0.0	0.0	0.0	0.0	0.0	0.0	0.0	0.0	0.0	0.0	0.0
fd8ca4b20e8d72f01081790623dbd7c3	0.0	9.0	0.0	0.0	0.0	0.0	0.0	0.0	0.0	0.0	0.0	0.0	0.0	0.0	0.0	0.0	0.0	0.0
c62bc0bd793fcd2a6d751fd3e9a682ef	0.0	0.0	0.0	9.0	0.0	0.0	0.0	0.0	0.0	0.0	0.0	0.0	0.0	0.0	0.0	0.0	0.0	0.0
69a752537f648b4a44ae734104d2df4d	0.0	0.0	0.0	0.0	9.0	0.0	0.0	0.0	0.0	0.0	0.0	0.0	0.0	0.0	0.0	0.0	0.0	0.0
9c908c40b960445f83898802a0d32220	0.0	0.0	0.0	0.0	5.0	0.0	0.0	0.0	0.0	0.0	0.0	0.0	0.0	4.0	0.0	0.0	0.0	0.0
fa3018506caa3fc8d55519d6bd21ff0a	0.0	0.0	0.0	0.0	0.0	0.0	0.0	9.0	0.0	0.0	0.0	0.0	0.0	0.0	0.0	0.0	0.0	0.0
f8eac45145d61376c6cd10eb0ac271a0	0.0	0.0	0.0	0.0	0.0	0.0	0.0	0.0	9.0	0.0	0.0	0.0	0.0	0.0	0.0	0.0	0.0	0.0
ffcc3f0b6f59de5b49e028c36326db92	0.0	0.0	0.0	0.0	0.0	0.0	0.0	0.0	0.0	0.0	0.0	0.0	0.0	9.0	0.0	0.0	0.0	0.0
f147bb90c1b18aafa1ea7a0c00e9405b	0.0	0.0	0.0	0.0	0.0	0.0	0.0	0.0	0.0	0.0	0.0	0.0	0.0	0.0	9.0	0.0	0.0	0.0
021c5b891400b6d9b57112db2890f06c	0.0	0.0	0.0	0.0	0.0	0.0	0.0	0.0	0.0	0.0	0.0	0.0	0.0	0.0	0.0	9.0	0.0	0.0
1d8fc22a0b5529546176ad3841627248	8.0	0.0	0.0	0.0	0.0	0.0	0.0	0.0	0.0	0.0	0.0	0.0	0.0	0.0	0.0	0.0	0.0	0.0
d8053d5a3c3b72d269eba06bec8cb5af	0.0	8.0	0.0	0.0	0.0	0.0	0.0	0.0	0.0	0.0	0.0	0.0	0.0	0.0	0.0	0.0	0.0	0.0
b249efc97486d52a5a7e223073415464	0.0	0.0	8.0	0.0	0.0	0.0	0.0	0.0	0.0	0.0	0.0	0.0	0.0	0.0	0.0	0.0	0.0	0.0
1a3a6c052808bcc5db1132e2cc83bd2a	0.0	0.0	0.0	0.0	0.0	8.0	0.0	0.0	0.0	0.0	0.0	0.0	0.0	0.0	0.0	0.0	0.0	0.0
7636b69dab5a4cbcadf2aa36aba5a7a4	0.0	0.0	0.0	0.0	0.0	0.0	8.0	0.0	0.0	0.0	0.0	0.0	0.0	0.0	0.0	0.0	0.0	0.0
f770ecf79396bc6fee4769bcb117e9fa	0.0	0.0	0.0	0.0	0.0	0.0	8.0	0.0	0.0	0.0	0.0	0.0	0.0	0.0	0.0	0.0	0.0	0.0
91d77ba2b4358fa66557199b3f23a831	0.0	0.0	0.0	0.0	0.0	0.0	5.0	0.0	0.0	0.0	0.0	3.0	0.0	0.0	0.0	0.0	0.0	0.0
d085505e57e00498e97b47c905f8c0a6	0.0	0.0	0.0	0.0	0.0	0.0	0.0	0.0	0.0	0.0	8.0	0.0	0.0	0.0	0.0	0.0	0.0	0.0
22ae90e73070038248901e9c8984e6a5	0.0	0.0	0.0	0.0	0.0	0.0	0.0	0.0	0.0	0.0	8.0	0.0	0.0	0.0	0.0	0.0	0.0	0.0
f30bf0eb53adbb9fd0e0ba3ea6abf4dd	0.0	0.0	0.0	0.0	0.0	0.0	0.0	0.0	0.0	0.0	0.0	0.0	0.0	0.0	8.0	0.0	0.0	0.0
d74cbc06edd6071ca80171f202dee2f8	0.0	0.0	0.0	0.0	0.0	0.0	0.0	0.0	0.0	0.0	0.0	0.0	0.0	0.0	0.0	8.0	0.0	0.0
622b589fd8d19a47b82c67a3edacd136	0.0	0.0	0.0	0.0	0.0	0.0	0.0	0.0	0.0	0.0	0.0	0.0	0.0	0.0	0.0	0.0	8.0	0.0
1f72d01d750a4a4ac0d91216f7136e95	0.0	0.0	0.0	0.0	0.0	0.0	0.0	0.0	0.0	0.0	0.0	0.0	0.0	0.0	0.0	0.0	0.0	8.0
731a98b722500031b7294804e7170e26	0.0	0.0	0.0	0.0	0.0	0.0	0.0	0.0	0.0	0.0	0.0	0.0	0.0	0.0	0.0	0.0	0.0	8.0
93c12e12a1f10bd5e2769ea12ccfbbc4	0.0	7.0	0.0	0.0	0.0	0.0	0.0	0.0	0.0	0.0	0.0	0.0	0.0	0.0	0.0	0.0	0.0	0.0
f782d2bcc7b38b5423c39f87910cf4fc	0.0	4.0	0.0	0.0	1.0	1.0	1.0	0.0	0.0	0.0	0.0	0.0	0.0	0.0	0.0	0.0	0.0	0.0
11fc80f43ee8d0dcb5f360731a4a7130	0.0	0.0	0.0	0.0	0.0	7.0	0.0	0.0	0.0	0.0	0.0	0.0	0.0	0.0	0.0	0.0	0.0	0.0
3ad11eeaa2642f9ae354cd353f000935	0.0	0.0	0.0	0.0	0.0	7.0	0.0	0.0	0.0	0.0	0.0	0.0	0.0	0.0	0.0	0.0	0.0	0.0
9e9467a3737a8b9dade9e03ed77b7f72	0.0	0.0	0.0	0.0	0.0	4.0	0.0	0.0	0.0	0.0	0.0	0.0	3.0	0.0	0.0	0.0	0.0	0.0
f0fadd05a92864c9ae20541b755b436b	0.0	0.0	0.0	0.0	0.0	0.0	0.0	0.0	0.0	0.0	0.0	7.0	0.0	0.0	0.0	0.0	0.0	0.0
ecb2746f1b6d199009c26b553e1a642b	0.0	0.0	0.0	0.0	0.0	0.0	0.0	0.0	0.0	0.0	0.0	0.0	0.0	7.0	0.0	0.0	0.0	0.0
f58f12b7cdf0ed5cf6861fbf4edf2f36	0.0	0.0	0.0	0.0	0.0	0.0	0.0	0.0	0.0	0.0	0.0	0.0	0.0	7.0	0.0	0.0	0.0	0.0
bef98997c0929ccf607e17652cc4a55f	0.0	0.0	0.0	0.0	0.0	0.0	0.0	0.0	0.0	0.0	0.0	0.0	0.0	7.0	0.0	0.0	0.0	0.0
3a7f640d2461cd34b5c6b7065f359b42	0.0	0.0	0.0	0.0	0.0	0.0	0.0	0.0	0.0	0.0	0.0	0.0	0.0	0.0	0.0	4.0	0.0	3.0
f4d3bf2fbe1dae7f33e2b7bc6038f0af	6.0	0.0	0.0	0.0	0.0	0.0	0.0	0.0	0.0	0.0	0.0	0.0	0.0	0.0	0.0	0.0	0.0	0.0
be592b3f1ff21498ad0c920f20bc4e87	0.0	0.0	6.0	0.0	0.0	0.0	0.0	0.0	0.0	0.0	0.0	0.0	0.0	0.0	0.0	0.0	0.0	0.0
bf49c49ef4c507967a2397d92b4b4b94	0.0	0.0	0.0	0.0	0.0	6.0	0.0	0.0	0.0	0.0	0.0	0.0	0.0	0.0	0.0	0.0	0.0	0.0
9a5da7a3f6c33c1de1c3468bbba5f1bf	0.0	0.0	0.0	0.0	0.0	0.0	6.0	0.0	0.0	0.0	0.0	0.0	0.0	0.0	0.0	0.0	0.0	0.0
21db08e2373393df014a4646d2825f30	0.0	0.0	0.0	0.0	0.0	0.0	6.0	0.0	0.0	0.0	0.0	0.0	0.0	0.0	0.0	0.0	0.0	0.0
539fbe087fbd4b81fdb91d32fdafadcc	0.0	0.0	0.0	0.0	0.0	0.0	0.0	6.0	0.0	0.0	0.0	0.0	0.0	0.0	0.0	0.0	0.0	0.0
0a773340eb3d57d4a328f6bb33a4e83c	0.0	0.0	0.0	0.0	0.0	0.0	0.0	0.0	6.0	0.0	0.0	0.0	0.0	0.0	0.0	0.0	0.0	0.0
4f3ea35d276ad32db3680f13d2969002	0.0	0.0	0.0	0.0	0.0	0.0	0.0	0.0	0.0	0.0	6.0	0.0	0.0	0.0	0.0	0.0	0.0	0.0
e2c6ecfe23f68a1df729a39c9ea65b82	0.0	0.0	0.0	0.0	0.0	0.0	0.0	0.0	0.0	0.0	0.0	0.0	0.0	6.0	0.0	0.0	0.0	0.0
ed31441442d6e369fea5ea41c32e7eed	0.0	0.0	0.0	0.0	0.0	0.0	0.0	0.0	0.0	0.0	0.0	0.0	0.0	4.0	0.0	0.0	2.0	0.0
99bc262a70821fcbcd46bbf6364d3d8f	0.0	0.0	2.0	0.0	0.0	0.0	0.0	0.0	0.0	0.0	0.0	0.0	3.0	0.0	0.0	0.0	0.0	0.0
8b1362486aa54c81ae25133e1b21e9ba	0.0	0.0	0.0	5.0	0.0	0.0	0.0	0.0	0.0	0.0	0.0	0.0	0.0	0.0	0.0	0.0	0.0	0.0
473d2f95396290ff13fd74d373a98271	0.0	0.0	0.0	0.0	0.0	5.0	0.0	0.0	0.0	0.0	0.0	0.0	0.0	0.0	0.0	0.0	0.0	0.0
93429ae0e019bc610a396aec9cbb5b49	0.0	0.0	0.0	0.0	0.0	0.0	5.0	0.0	0.0	0.0	0.0	0.0	0.0	0.0	0.0	0.0	0.0	0.0
993a9ca0e7b34c7da84812093448a0c9	0.0	0.0	0.0	0.0	0.0	0.0	5.0	0.0	0.0	0.0	0.0	0.0	0.0	0.0	0.0	0.0	0.0	0.0
1b0f3f9d9c1ca05ee10736b7c3de1e86	0.0	0.0	0.0	0.0	0.0	0.0	0.0	0.0	0.0	5.0	0.0	0.0	0.0	0.0	0.0	0.0	0.0	0.0
d14b5d1860fabcf30185be8ac789db3d	0.0	0.0	0.0	0.0	0.0	0.0	0.0	0.0	0.0	0.0	0.0	0.0	0.0	0.0	5.0	0.0	0.0	0.0
a7d782615e82938887bb82f50904170c	0.0	0.0	0.0	0.0	0.0	0.0	0.0	0.0	0.0	0.0	0.0	0.0	0.0	0.0	0.0	0.0	0.0	5.0
1e4fe723cae052149d558810fd96bb4a	0.0	0.0	0.0	4.0	0.0	0.0	0.0	0.0	0.0	0.0	0.0	0.0	0.0	0.0	0.0	0.0	0.0	0.0
08c2007708b34a51c3a93fd5157a7aff	0.0	0.0	0.0	0.0	4.0	0.0	0.0	0.0	0.0	0.0	0.0	0.0	0.0	0.0	0.0	0.0	0.0	0.0
1bab0ce79bf38daf8fb6765b5b3b573c	0.0	0.0	0.0	0.0	4.0	0.0	0.0	0.0	0.0	0.0	0.0	0.0	0.0	0.0	0.0	0.0	0.0	0.0
d19a7e0e780296d2710a77def6f067ac	0.0	0.0	0.0	0.0	0.0	0.0	0.0	0.0	0.0	0.0	4.0	0.0	0.0	0.0	0.0	0.0	0.0	0.0
f0ed9a902fb464230f5ddcfdf8099303	0.0	0.0	0.0	0.0	0.0	0.0	0.0	0.0	0.0	0.0	0.0	4.0	0.0	0.0	0.0	0.0	0.0	0.0
048f451007da2f54411ac380df2ab1f5	0.0	0.0	0.0	0.0	0.0	0.0	0.0	0.0	0.0	0.0	0.0	0.0	0.0	4.0	0.0	0.0	0.0	0.0
705d92d33dbdd22c2b66da7c52b3dca1	0.0	0.0	0.0	0.0	0.0	0.0	0.0	0.0	0.0	0.0	0.0	0.0	0.0	0.0	4.0	0.0	0.0	0.0
3b255dc101d12c090fb635712c70404e	0.0	0.0	0.0	0.0	0.0	0.0	0.0	0.0	0.0	0.0	0.0	0.0	0.0	0.0	4.0	0.0	0.0	0.0
154b6ef2a6e54bb27eaade4e01643fca	0.0	0.0	0.0	0.0	0.0	0.0	0.0	0.0	0.0	0.0	0.0	0.0	0.0	0.0	4.0	0.0	0.0	0.0
f1457c2d15bd9aa544a29c0b5dca8eba	0.0	0.0	0.0	0.0	0.0	0.0	0.0	0.0	0.0	0.0	0.0	0.0	0.0	0.0	0.0	4.0	0.0	0.0
c6e847d5dd0154018ee171649cef0c42	0.0	0.0	0.0	0.0	0.0	0.0	0.0	0.0	0.0	0.0	0.0	0.0	0.0	0.0	0.0	0.0	4.0	0.0
d7a662b478b32212e387a0bfc84d1e14	3.0	0.0	0.0	0.0	0.0	0.0	0.0	0.0	0.0	0.0	0.0	0.0	0.0	0.0	0.0	0.0	0.0	0.0
fb5c54350e2a3e27a70cee6585c17572	0.0	0.0	0.0	0.0	0.0	0.0	0.0	0.0	0.0	3.0	0.0	0.0	0.0	0.0	0.0	0.0	0.0	0.0
f0d6c59c8484f5fbde8af53fd88d3b66	0.0	0.0	0.0	0.0	0.0	0.0	0.0	0.0	0.0	0.0	3.0	0.0	0.0	0.0	0.0	0.0	0.0	0.0
e0708b8797b82db2810ea0e08a3e0287	0.0	0.0	0.0	0.0	0.0	0.0	0.0	0.0	0.0	0.0	0.0	3.0	0.0	0.0	0.0	0.0	0.0	0.0
b58b3a421cf1cf88e203d43dce23db89	0.0	0.0	0.0	0.0	0.0	0.0	0.0	0.0	0.0	0.0	0.0	0.0	0.0	0.0	3.0	0.0	0.0	0.0
e81a9101b00f48f1ff8cae08235d62a2	0.0	0.0	0.0	0.0	0.0	0.0	0.0	0.0	0.0	2.0	0.0	0.0	0.0	0.0	0.0	0.0	0.0	0.0
7a48b091a8c7a34a114833ee0f948895	0.0	0.0	0.0	0.0	0.0	0.0	0.0	0.0	0.0	0.0	0.0	2.0	0.0	0.0	0.0	0.0	0.0	0.0
304d471ab1dec17f23f020686fd9a582	0.0	0.0	0.0	0.0	0.0	0.0	0.0	0.0	0.0	0.0	0.0	0.0	2.0	0.0	0.0	0.0	0.0	0.0
bceff4abe6492b03855925442c710280	0.0	0.0	0.0	0.0	0.0	0.0	0.0	0.0	0.0	0.0	0.0	0.0	0.0	2.0	0.0	0.0	0.0	0.0
339b434cb39dcadb98ac6a926738d621	0.0	0.0	0.0	0.0	0.0	0.0	0.0	0.0	0.0	0.0	0.0	0.0	0.0	0.0	2.0	0.0	0.0	0.0
23990b0d60e07af285b38f27a7430f33	0.0	0.0	0.0	0.0	0.0	0.0	0.0	0.0	0.0	0.0	0.0	0.0	0.0	0.0	2.0	0.0	0.0	0.0
10eda445e6b4c5f0a219a23ea51ed675	0.0	0.0	0.0	0.0	0.0	0.0	0.0	0.0	0.0	0.0	0.0	0.0	0.0	0.0	0.0	2.0	0.0	0.0
8df26813d663ea90656a50e7b5bfc3a3	0.0	0.0	0.0	0.0	0.0	0.0	0.0	0.0	0.0	0.0	0.0	0.0	0.0	0.0	0.0	2.0	0.0	0.0
d97056e38aeb7c7d6948ea7be186d468	0.0	0.0	0.0	0.0	0.0	0.0	0.0	0.0	0.0	0.0	1.0	0.0	0.0	0.0	0.0	0.0	0.0	0.0