ID	log2FC	log2CPM	PValue	FDR	level	MeanA	MeanB	KO1	KO2	KO3	KO4	KO5	KO6	WT1	WT2	WT3	WT4	WT5	WT6
ASV_111	-1.987	11.018	7.91650938666987e-06	0.00129830753941386	Depleted	0.048	0.193	0.079	0.048	0.052	0.045	0.022	0.04	0.221	0.293	0.191	0.247	0.141	0.064
ASV_6	0.97	14.859	2.33916386574538e-05	0.00191811436991121	Enriched	2.517	1.315	2.507	1.806	2.179	2.279	3.485	2.849	1.379	1.425	1.245	1.404	1.192	1.248
ASV_72	1.229	12.156	0.000370778231661477	0.0202692099974941	Enriched	0.395	0.17	0.349	0.2	0.327	0.628	0.29	0.573	0.142	0.177	0.124	0.223	0.196	0.16
ASV_38	1.031	13.076	0.000510904977485523	0.0209471040769064	Enriched	0.733	0.363	0.751	0.448	0.446	0.795	0.826	1.13	0.362	0.393	0.274	0.415	0.4	0.336
ASV_147	1.216	11.159	0.000770919673564113	0.0252861652929029	Enriched	0.186	0.08	0.245	0.176	0.164	0.167	0.181	0.183	0.079	0.146	0.05	0.056	0.039	0.112
ASV_154	-3.457	10.991	0.00199417852637539	0.0492431867951818	Depleted	0.019	0.225	0.035	0.048	0.007	0.008	0.014	0	0.016	0.015	0.133	0.973	0.204	0.008
ASV_37	-0.914	12.759	0.00210184333881873	0.0492431867951818	Depleted	0.299	0.582	0.402	0.248	0.312	0.174	0.362	0.294	0.347	0.539	0.821	0.51	0.596	0.68
ASV_151	-1.697	10.487	0.00298696399107282	0.0584163926780834	Depleted	0.036	0.122	0.114	0.016	0.022	0.045	0.022	0	0.071	0.123	0.166	0.183	0.063	0.128
ASV_168	5.76	11.173	0.00320577764696799	0.0584163926780834	Enriched	0.269	0.004	0.009	0.008	0	1.59	0	0.008	0	0.008	0	0.008	0.008	0
ASV_56	-1.132	12.185	0.00364083481193563	0.0597096909157443	Depleted	0.177	0.401	0.052	0.136	0.245	0.235	0.225	0.167	0.268	0.616	0.523	0.343	0.376	0.28
ASV_2	0.773	16.071	0.00463809551479492	0.0645484201876238	Enriched	5.561	3.325	5.651	3.245	6.307	5.874	7.404	4.887	3.452	4.113	2.182	2.999	3.85	3.352
ASV_82	0.855	11.999	0.00472305513567979	0.0645484201876238	Enriched	0.321	0.181	0.253	0.384	0.253	0.235	0.406	0.398	0.15	0.185	0.133	0.239	0.227	0.152
ASV_95	0.993	11.604	0.00561546225639143	0.068585804190763	Enriched	0.245	0.127	0.201	0.168	0.342	0.242	0.312	0.207	0.071	0.108	0.075	0.152	0.188	0.168
ASV_87	-2.191	11.874	0.00585488572360172	0.068585804190763	Depleted	0.083	0.376	0.079	0.16	0	0.174	0.022	0.064	0.181	0.547	0.05	0.295	0.988	0.192
ASV_41	0.862	12.875	0.00631060259610932	0.0689959217174619	Enriched	0.603	0.341	0.533	0.44	0.491	0.53	1.022	0.605	0.221	0.47	0.266	0.407	0.306	0.376
ASV_114	2.257	10.646	0.0070634584190317	0.0723983796202771	Enriched	0.15	0.03	0.087	0.28	0.022	0.28	0.022	0.207	0	0.069	0.05	0	0.016	0.048
ASV_22	1.039	13.356	0.0075047100825897	0.0723983796202771	Enriched	0.882	0.442	0.524	0.44	1.346	1.272	1.072	0.637	0.315	0.716	0.324	0.606	0.337	0.352
ASV_49	1.986	12.256	0.00874793733412528	0.0797034290442525	Enriched	0.466	0.124	0.498	0.296	1.658	0.023	0.109	0.215	0.11	0.139	0.207	0.064	0.149	0.072
ASV_58	0.698	12.297	0.00946279823128593	0.0816788899963627	Enriched	0.383	0.241	0.393	0.28	0.342	0.484	0.471	0.326	0.26	0.239	0.266	0.175	0.235	0.272
ASV_161	1.007	10.889	0.0100752695976963	0.0826172107011099	Enriched	0.143	0.073	0.131	0.176	0.186	0.061	0.167	0.135	0.039	0.069	0.075	0.112	0.039	0.104
ASV_43	-2.655	12.51	0.0107361754067333	0.0838444174621076	Depleted	0.097	0.616	0.009	0.08	0.007	0.114	0.355	0.016	2.364	0.123	0.058	0.104	0.706	0.344
ASV_17	0.582	13.938	0.0131882425245069	0.0960338529069364	Enriched	1.202	0.817	1.406	0.815	0.989	1.226	1.145	1.632	0.954	0.732	0.821	0.861	0.815	0.72
ASV_55	1.082	12.336	0.013468162297924	0.0960338529069364	Enriched	0.436	0.208	0.41	0.815	0.29	0.235	0.449	0.414	0.276	0.069	0.224	0.088	0.337	0.256
ASV_116	0.764	11.38	0.0142284751526979	0.0972279135434356	Enriched	0.197	0.12	0.122	0.248	0.223	0.242	0.174	0.175	0.095	0.077	0.141	0.175	0.118	0.112
ASV_1	-0.619	15.968	0.0180865487377494	0.118647759719636	Depleted	3.283	5.087	3.214	5.306	2.06	3.301	2.76	3.056	6.241	6.355	4.638	5.24	3.952	4.096
ASV_59	0.683	12.262	0.0189568184614463	0.119573777987585	Enriched	0.371	0.237	0.245	0.288	0.335	0.416	0.543	0.398	0.229	0.216	0.183	0.239	0.274	0.28
ASV_164	1.48	10.991	0.0220272911397433	0.128459586688182	Enriched	0.167	0.062	0.026	0.088	0.535	0.159	0.058	0.135	0.032	0.077	0.091	0.032	0.063	0.08
ASV_86	-1.17	11.695	0.0225392257571929	0.128459586688182	Depleted	0.125	0.281	0.192	0.264	0.03	0.098	0.029	0.135	0.276	0.293	0.348	0.167	0.439	0.16
ASV_68	0.715	12.198	0.0232977496168296	0.128459586688182	Enriched	0.357	0.222	0.367	0.24	0.357	0.348	0.464	0.366	0.268	0.246	0.116	0.223	0.165	0.312
ASV_35	-1.04	12.949	0.0234987048819844	0.128459586688182	Depleted	0.328	0.677	0.262	0.623	0.268	0.575	0.072	0.167	0.82	0.94	0.664	0.678	0.612	0.352
ASV_40	0.957	11.557	0.0289484255928047	0.149045069844906	Enriched	0.241	0.125	0.332	0.328	0.126	0.167	0.101	0.39	0.158	0.062	0.174	0.104	0.063	0.192
ASV_18	-0.691	13.648	0.0290819648477865	0.149045069844906	Depleted	0.628	1.016	0.672	0.831	0.506	0.681	0.398	0.676	1.119	1.425	0.597	0.782	1.451	0.72
ASV_195	-0.813	11.256	0.0319909387750447	0.153549866563424	Depleted	0.104	0.187	0.148	0.096	0.089	0.136	0.022	0.135	0.11	0.154	0.207	0.183	0.204	0.264
ASV_85	-0.778	11.81	0.0323378984362163	0.153549866563424	Depleted	0.159	0.279	0.175	0.176	0.238	0.159	0.072	0.135	0.292	0.223	0.199	0.175	0.376	0.408
ASV_92	1.84	11.214	0.0331255723575593	0.153549866563424	Enriched	0.219	0.062	0.507	0.184	0.216	0.28	0.007	0.119	0.032	0.046	0	0.231	0.047	0.016
ASV_45	0.888	12.823	0.0337060682700199	0.153549866563424	Enriched	0.582	0.319	0.515	0.296	0.617	0.613	1.022	0.43	0.362	0.555	0.183	0.16	0.423	0.232
ASV_65	2.871	12.338	0.0348946516036774	0.15466818548657	Enriched	0.577	0.077	0.079	0.032	0.007	3.285	0	0.056	0.205	0.015	0.017	0.096	0.024	0.104
ASV_144	-1.163	10.774	0.0368534527224711	0.15905174332856	Depleted	0.061	0.141	0.166	0.072	0.015	0.03	0.036	0.048	0.11	0.039	0.29	0.144	0.157	0.104
ASV_25	0.486	13.127	0.0406110395448758	0.165829817331851	Enriched	0.655	0.48	0.594	0.567	0.826	0.689	0.623	0.629	0.426	0.478	0.622	0.375	0.478	0.504
ASV_67	0.787	12.229	0.0409938096493486	0.165829817331851	Enriched	0.37	0.22	0.192	0.192	0.483	0.386	0.551	0.414	0.165	0.231	0.108	0.223	0.29	0.304
ASV_115	-0.762	11.208	0.0423370473076039	0.165829817331851	Depleted	0.101	0.177	0.096	0.176	0.119	0.045	0.109	0.064	0.102	0.239	0.191	0.175	0.133	0.224
ASV_10	0.73	14.393	0.0424686117557179	0.165829817331851	Enriched	1.706	1.045	0.908	1.023	1.718	1.998	2.681	1.91	1.08	1.533	0.68	0.75	1.482	0.744
ASV_99	0.55	11.386	0.0600070274346028	0.221825828509547	NotSig	0.188	0.132	0.14	0.16	0.186	0.235	0.159	0.247	0.095	0.1	0.174	0.144	0.118	0.16
ASV_104	-1.92	11.262	0.0606502237385142	0.221825828509547	NotSig	0.06	0.233	0.105	0.152	0.037	0.068	0	0	0.465	0.062	0.249	0.247	0	0.376
ASV_156	0.869	10.061	0.0608668431885952	0.221825828509547	NotSig	0.07	0.039	0.114	0.096	0.045	0.053	0.036	0.08	0.039	0.031	0.083	0.016	0.024	0.04
ASV_8	-0.586	14.523	0.0667351630059024	0.237925363760174	NotSig	1.205	1.851	1.616	1.542	1.599	1.12	0.558	0.796	1.789	2.095	1.643	2.792	1.325	1.464
ASV_30	-0.565	13.015	0.072423058305727	0.246401005769378	NotSig	0.423	0.64	0.638	0.583	0.364	0.31	0.196	0.446	0.544	0.508	0.788	0.742	0.431	0.824
ASV_75	0.607	11.875	0.0734614573946766	0.246401005769378	NotSig	0.271	0.184	0.122	0.216	0.364	0.242	0.406	0.279	0.213	0.169	0.199	0.191	0.149	0.184
ASV_94	-1.184	11.656	0.0736198126993875	0.246401005769378	NotSig	0.116	0.275	0.017	0.04	0.178	0.174	0.174	0.111	0.134	0.131	0.058	0.152	0.518	0.656
ASV_48	-0.509	12.342	0.0796874218773545	0.261374743757723	NotSig	0.267	0.385	0.332	0.296	0.193	0.356	0.123	0.302	0.307	0.408	0.34	0.415	0.369	0.472
ASV_71	0.885	11.986	0.0833320966993941	0.267969879582365	NotSig	0.326	0.178	0.253	0.12	0.126	0.235	0.217	1.003	0.15	0.146	0.257	0.152	0.133	0.232
ASV_16	-0.643	13.855	0.0866200173789498	0.273186208656688	NotSig	0.731	1.166	0.716	0.655	1.272	0.772	0.391	0.581	1.253	0.886	0.672	0.909	2.25	1.024
ASV_125	-0.655	11.17	0.0911399423424949	0.281673319695988	NotSig	0.103	0.166	0.122	0.08	0.201	0.091	0.051	0.072	0.134	0.246	0.124	0.16	0.157	0.176
ASV_21	-0.591	13.219	0.0927460930706302	0.281673319695988	NotSig	0.481	0.735	0.402	0.951	0.543	0.333	0.275	0.382	0.591	0.847	0.531	0.75	1.106	0.584
ASV_47	0.378	12.674	0.104280817829512	0.306501876777845	NotSig	0.46	0.363	0.41	0.376	0.461	0.454	0.485	0.573	0.299	0.308	0.373	0.415	0.353	0.432
ASV_130	-0.562	11.014	0.105482359898092	0.306501876777845	NotSig	0.096	0.145	0.114	0.144	0.104	0.098	0.051	0.064	0.11	0.139	0.232	0.104	0.125	0.16
ASV_88	1.529	11.779	0.106528091319129	0.306501876777845	NotSig	0.324	0.113	0.288	0.392	0.052	0.045	0.014	1.154	0.173	0.031	0.307	0.136	0.008	0.024
ASV_108	0.524	11.496	0.115913027229329	0.327754076993276	NotSig	0.203	0.142	0.192	0.168	0.149	0.22	0.21	0.279	0.142	0.154	0.091	0.096	0.243	0.128
ASV_90	0.744	11.64	0.121062097796601	0.332881149162178	NotSig	0.242	0.146	0.122	0.28	0.126	0.257	0.167	0.501	0.102	0.085	0.191	0.128	0.314	0.056
ASV_128	0.483	11.248	0.121785786278846	0.332881149162178	NotSig	0.167	0.121	0.227	0.144	0.097	0.212	0.13	0.191	0.118	0.123	0.141	0.104	0.149	0.088
ASV_266	0.711	10.533	0.126539955664493	0.340205782442244	NotSig	0.101	0.063	0.166	0.128	0.067	0.023	0.094	0.127	0.039	0.023	0.075	0.056	0.086	0.096
ASV_61	-0.574	11.728	0.132322310354269	0.342309122298138	NotSig	0.165	0.25	0.236	0.312	0.097	0.151	0.101	0.096	0.347	0.208	0.315	0.263	0.157	0.208
ASV_124	0.41	11.344	0.132524973709879	0.342309122298138	NotSig	0.174	0.134	0.166	0.16	0.208	0.174	0.159	0.175	0.15	0.108	0.166	0.112	0.125	0.144
ASV_172	0.662	10.75	0.134488845040142	0.342309122298138	NotSig	0.118	0.076	0.114	0.128	0.208	0.098	0.022	0.135	0.095	0.069	0.108	0.056	0.055	0.072
ASV_3	-0.438	15.367	0.135671298471823	0.342309122298138	NotSig	2.29	3.181	1.825	1.367	2.729	2.203	3.195	2.419	2.569	4.861	2.946	3.31	3.223	2.176
ASV_112	-0.714	10.965	0.147331106704242	0.344383934029389	NotSig	0.086	0.145	0.166	0.12	0.089	0.061	0.043	0.04	0.26	0.077	0.166	0.223	0.055	0.088
ASV_73	-0.714	11.882	0.148357382973867	0.344383934029389	NotSig	0.175	0.297	0.271	0.168	0.112	0.189	0.08	0.231	0.095	0.139	0.29	0.798	0.243	0.216
ASV_152	-0.432	11.108	0.148722109615492	0.344383934029389	NotSig	0.108	0.15	0.131	0.08	0.104	0.083	0.101	0.151	0.118	0.146	0.207	0.136	0.149	0.144
ASV_98	1.042	11.422	0.150943388653763	0.344383934029389	NotSig	0.213	0.109	0.166	0.04	0.074	0.151	0.768	0.08	0.102	0.008	0.1	0.16	0.11	0.176
ASV_109	0.451	11.594	0.150945745888961	0.344383934029389	NotSig	0.212	0.159	0.201	0.144	0.253	0.182	0.261	0.231	0.173	0.169	0.166	0.175	0.188	0.08
ASV_70	0.72	12.044	0.152012542201443	0.344383934029389	NotSig	0.313	0.198	0.148	0.2	0.416	0.197	0.768	0.151	0.173	0.116	0.149	0.191	0.392	0.168
ASV_52	-0.52	12.477	0.152901999883155	0.344383934029389	NotSig	0.288	0.424	0.245	0.328	0.535	0.197	0.159	0.263	0.307	0.624	0.39	0.319	0.345	0.56
ASV_103	1.135	11.505	0.153292848683813	0.344383934029389	NotSig	0.232	0.112	0.07	0.024	0.134	0.159	0.797	0.207	0.008	0.031	0.116	0.096	0.133	0.288
ASV_105	-0.642	11.397	0.155902602223968	0.345513875199063	NotSig	0.125	0.195	0.114	0.072	0.089	0.227	0.08	0.167	0.362	0.3	0.108	0.152	0.133	0.112
ASV_20	-0.953	13.727	0.165460300475408	0.357722385618229	NotSig	0.594	1.14	0.524	1.143	0.186	0.757	0.478	0.478	0.646	0.77	0.257	0.303	4.501	0.36
ASV_89	-0.508	11.53	0.165773788457228	0.357722385618229	NotSig	0.147	0.212	0.183	0.208	0.097	0.129	0.065	0.199	0.087	0.27	0.216	0.231	0.204	0.264
ASV_113	1.448	11.6	0.1690327004119	0.360017699578593	NotSig	0.262	0.099	0.044	0.088	0.015	0.03	1.369	0.024	0.221	0.046	0.066	0.008	0.188	0.064
ASV_15	0.283	13.876	0.177234144601339	0.372646150187431	NotSig	1.051	0.888	0.891	1.199	1.101	0.992	0.978	1.146	0.733	0.662	0.946	1.101	0.91	0.976
ASV_54	0.508	12.822	0.213903328302768	0.444052479008277	NotSig	0.534	0.378	0.358	0.184	0.342	0.954	0.587	0.78	0.441	0.585	0.232	0.359	0.306	0.344
ASV_76	-0.446	11.738	0.227623133853355	0.466627424399378	NotSig	0.174	0.245	0.288	0.2	0.186	0.121	0.123	0.127	0.15	0.223	0.398	0.343	0.125	0.232
ASV_84	-0.39	11.796	0.233988572923517	0.473754641474776	NotSig	0.184	0.249	0.192	0.064	0.208	0.242	0.217	0.183	0.197	0.293	0.241	0.223	0.243	0.296
ASV_42	-0.647	12.853	0.240347657556853	0.477244133795989	NotSig	0.364	0.562	0.358	0.16	0.164	0.621	0.355	0.525	0.583	1.587	0.174	0.359	0.423	0.248
ASV_77	-0.616	11.927	0.241532092104068	0.477244133795989	NotSig	0.185	0.294	0.192	0.112	0.283	0.174	0.181	0.167	0.126	0.493	0.124	0.75	0.118	0.152
ASV_101	0.424	11.285	0.249847125893939	0.487796769602452	NotSig	0.165	0.127	0.157	0.088	0.178	0.159	0.297	0.111	0.102	0.177	0.133	0.128	0.125	0.096
ASV_78	-0.479	11.799	0.256392597797138	0.494686894573301	NotSig	0.179	0.259	0.21	0.176	0.089	0.106	0.326	0.167	0.189	0.1	0.266	0.487	0.29	0.224
ASV_57	-0.294	12.366	0.262165239001855	0.499943013910515	NotSig	0.291	0.369	0.227	0.248	0.29	0.227	0.398	0.358	0.315	0.339	0.415	0.399	0.314	0.432
ASV_14	-0.355	13.935	0.273689626393918	0.515920675041408	NotSig	0.867	1.146	0.585	0.487	0.892	0.924	1.456	0.86	1.095	0.778	1.261	0.774	1.458	1.512
ASV_119	-0.382	11.269	0.296327570705448	0.541795129992145	NotSig	0.124	0.168	0.114	0.136	0.178	0.106	0.123	0.088	0.165	0.085	0.224	0.088	0.188	0.256
ASV_140	0.412	11.054	0.297703866591162	0.541795129992145	NotSig	0.139	0.108	0.114	0.104	0.089	0.144	0.239	0.143	0.047	0.116	0.166	0.112	0.149	0.056
ASV_129	-0.345	11.209	0.303933275977354	0.541795129992145	NotSig	0.123	0.158	0.14	0.208	0.074	0.121	0.058	0.135	0.165	0.131	0.207	0.16	0.118	0.168
ASV_107	0.517	11.438	0.31176773251393	0.541795129992145	NotSig	0.196	0.136	0.157	0.144	0.022	0.235	0.196	0.422	0.244	0.139	0.124	0.08	0.125	0.104
ASV_69	0.261	11.919	0.312772798639865	0.541795129992145	NotSig	0.256	0.219	0.253	0.28	0.275	0.242	0.246	0.239	0.181	0.185	0.257	0.183	0.282	0.224
ASV_160	-0.357	10.653	0.314489470339775	0.541795129992145	NotSig	0.078	0.102	0.044	0.128	0.067	0.106	0.043	0.08	0.11	0.069	0.1	0.112	0.11	0.112
ASV_145	0.638	10.878	0.315489217819151	0.541795129992145	NotSig	0.13	0.087	0.035	0.192	0.156	0.038	0.058	0.302	0.032	0.023	0.091	0.231	0.055	0.088
ASV_96	0.721	11.526	0.315933652721259	0.541795129992145	NotSig	0.212	0.136	0.157	0.056	0.052	0.053	0.891	0.064	0.142	0.077	0.224	0.12	0.133	0.12
ASV_133	0.347	11.312	0.31714836877589	0.541795129992145	NotSig	0.167	0.133	0.14	0.12	0.171	0.242	0.145	0.183	0.126	0.116	0.075	0.144	0.235	0.104
ASV_149	-0.419	11.016	0.330359221144819	0.558545487296395	NotSig	0.102	0.141	0.079	0.176	0.059	0.061	0.094	0.143	0.126	0.054	0.29	0.128	0.149	0.096
ASV_143	-0.451	10.883	0.337981873333938	0.565602318640468	NotSig	0.09	0.128	0.14	0.04	0.037	0.083	0.167	0.072	0.071	0.077	0.191	0.239	0.11	0.08
ASV_157	0.412	10.944	0.350702749846443	0.580962131058754	NotSig	0.129	0.098	0.114	0.176	0.149	0.045	0.065	0.223	0.063	0.108	0.058	0.104	0.173	0.08
ASV_66	0.297	12.212	0.354575293153867	0.581503480772341	NotSig	0.32	0.265	0.253	0.28	0.357	0.363	0.312	0.358	0.236	0.339	0.207	0.215	0.439	0.152
ASV_32	-0.202	12.964	0.360607454872157	0.585540817812215	NotSig	0.465	0.55	0.428	0.448	0.535	0.477	0.471	0.43	0.449	0.524	0.556	0.598	0.51	0.664
ASV_62	0.22	12.19	0.370179715242216	0.59519091470317	NotSig	0.309	0.27	0.279	0.328	0.275	0.348	0.319	0.302	0.268	0.308	0.282	0.215	0.314	0.232
ASV_102	0.463	11.638	0.382932055462748	0.60832863190427	NotSig	0.217	0.161	0.227	0.088	0.245	0.106	0.478	0.159	0.102	0.331	0.058	0.088	0.188	0.2
ASV_46	0.328	12.307	0.385769376329537	0.60832863190427	NotSig	0.344	0.285	0.393	0.152	0.439	0.326	0.471	0.287	0.142	0.162	0.307	0.367	0.463	0.272
ASV_132	0.265	11.106	0.400471243998765	0.625497943007595	NotSig	0.139	0.118	0.14	0.192	0.089	0.182	0.138	0.096	0.118	0.1	0.166	0.096	0.125	0.104
ASV_51	-0.361	12.559	0.409511757549269	0.627760503125327	NotSig	0.327	0.434	0.323	0.575	0.528	0.136	0.123	0.279	0.449	0.177	0.407	0.702	0.416	0.456
ASV_34	-0.243	12.809	0.409575450209817	0.627760503125327	NotSig	0.413	0.498	0.62	0.4	0.424	0.356	0.217	0.462	0.504	0.524	0.664	0.367	0.361	0.568
ASV_60	-0.291	12.11	0.42065584170687	0.638773685554877	NotSig	0.241	0.305	0.201	0.224	0.171	0.182	0.478	0.191	0.284	0.393	0.307	0.319	0.157	0.368
ASV_13	-0.442	13.621	0.426384851301528	0.641533170765602	NotSig	0.666	0.938	0.087	0.352	1.658	0.818	0.427	0.653	0.772	0.809	0.622	0.439	1.396	1.592
ASV_138	-0.422	11.079	0.44409251880137	0.662101573485679	NotSig	0.108	0.144	0.07	0.184	0.074	0.106	0.014	0.199	0.252	0.146	0.124	0.032	0.11	0.2
ASV_12	-0.169	14.031	0.465439791186666	0.685010829769212	NotSig	1.004	1.155	0.926	1.007	0.915	1.014	1.174	0.987	1.017	1.51	1.228	1.42	0.847	0.912
ASV_26	-0.562	13.07	0.46950400804259	0.685010829769212	NotSig	0.441	0.659	0.541	0.535	0.372	1.022	0.109	0.064	1.221	0.208	0.431	0.271	0.031	1.792
ASV_148	-0.388	11.102	0.471989169292201	0.685010829769212	NotSig	0.108	0.147	0.026	0.104	0.067	0.189	0.232	0.032	0.126	0.069	0.124	0.104	0.251	0.208
ASV_24	0.334	13.346	0.480976687880121	0.691931375546841	NotSig	0.73	0.599	0.358	1.223	1.227	0.28	0.471	0.82	0.473	0.585	0.357	1.412	0.4	0.368
ASV_53	-0.399	12.417	0.488785475430688	0.69705059104898	NotSig	0.284	0.395	0.131	0.12	0.253	0.106	0.935	0.159	0.52	0.223	0.398	0.335	0.204	0.688
ASV_166	0.383	10.767	0.502499805727225	0.700063155825761	NotSig	0.112	0.087	0.262	0.208	0.015	0.076	0.051	0.064	0.11	0.069	0.133	0.072	0.031	0.104
ASV_74	0.257	11.795	0.502757565968495	0.700063155825761	NotSig	0.232	0.202	0.236	0.264	0.29	0.159	0.246	0.199	0.118	0.208	0.415	0.088	0.149	0.232
ASV_136	-0.255	10.939	0.504380359482267	0.700063155825761	NotSig	0.101	0.122	0.122	0.056	0.082	0.098	0.159	0.088	0.165	0.162	0.075	0.072	0.141	0.12
ASV_141	0.436	10.997	0.507972655751619	0.700063155825761	NotSig	0.13	0.102	0.087	0.032	0.335	0.068	0.181	0.08	0.016	0.046	0.05	0.144	0.251	0.104
ASV_64	0.167	11.966	0.514037849893432	0.701791787437486	NotSig	0.258	0.235	0.279	0.248	0.253	0.31	0.21	0.247	0.181	0.254	0.266	0.199	0.22	0.288
ASV_100	-0.316	11.273	0.51778540414595	0.701791787437486	NotSig	0.131	0.165	0.192	0.272	0.03	0.045	0.072	0.175	0.15	0.092	0.232	0.128	0.173	0.216
ASV_81	0.26	11.509	0.557691481877344	0.743988922190206	NotSig	0.187	0.163	0.245	0.12	0.141	0.204	0.326	0.088	0.142	0.054	0.34	0.16	0.141	0.144
ASV_79	0.257	11.951	0.562457205630722	0.743988922190206	NotSig	0.264	0.221	0.306	0.128	0.097	0.257	0.312	0.485	0.236	0.431	0.141	0.167	0.173	0.176
ASV_11	-0.138	14.037	0.562528209460887	0.743988922190206	NotSig	1.02	1.15	0.9	1.127	0.736	0.969	1.355	1.035	1.087	1.333	1.452	1.117	0.8	1.112
ASV_83	0.596	11.85	0.573886874262317	0.751388045033872	NotSig	0.275	0.179	0.166	0.352	0.141	0	0.022	0.971	0.567	0	0.108	0.183	0.078	0.136
ASV_118	0.19	11.444	0.577285937038219	0.751388045033872	NotSig	0.174	0.158	0.183	0.136	0.208	0.159	0.275	0.08	0.118	0.139	0.174	0.183	0.18	0.152
ASV_33	0.159	12.878	0.593754647336741	0.766738284749808	NotSig	0.499	0.454	0.559	0.28	0.327	0.507	0.565	0.756	0.465	0.578	0.523	0.375	0.361	0.424
ASV_126	0.321	11.18	0.6097788662023	0.781279172321697	NotSig	0.15	0.122	0.044	0.352	0.201	0.22	0.022	0.064	0.087	0.231	0.133	0.064	0.039	0.176
ASV_63	-0.254	10.711	0.618453812612791	0.786251358670525	NotSig	0.084	0.103	0.096	0.064	0.067	0.053	0.123	0.103	0.087	0.046	0.017	0.096	0.235	0.136
ASV_9	-0.149	14.326	0.633506470111418	0.797647017020409	NotSig	1.257	1.41	1.022	2.182	0.967	1.226	0.674	1.472	1.489	0.87	1.187	1.236	2.054	1.624
ASV_19	0.253	13.416	0.638527618701525	0.797647017020409	NotSig	0.764	0.652	0.734	1.95	0.312	0.431	0.348	0.812	0.938	0.27	1.552	0.287	0.392	0.472
ASV_91	-0.318	11.596	0.642008574674964	0.797647017020409	NotSig	0.168	0.208	0.07	0.288	0.007	0.401	0.029	0.215	0.165	0.408	0.149	0.295	0.118	0.112
ASV_106	-0.255	11.67	0.657330772356745	0.805416878450963	NotSig	0.175	0.214	0.026	0.072	0.171	0.333	0.369	0.08	0.236	0.401	0.158	0.215	0.165	0.112
ASV_165	-0.205	10.657	0.658084522636763	0.805416878450963	NotSig	0.083	0.098	0.105	0.072	0.126	0.061	0.036	0.096	0.039	0.123	0.141	0.12	0.024	0.144
ASV_39	0.169	12.804	0.669839858187602	0.813731383279753	NotSig	0.469	0.432	0.314	0.671	0.714	0.28	0.5	0.334	0.315	0.601	0.481	0.574	0.133	0.488
ASV_31	0.158	13.167	0.684537154971749	0.825471275112991	NotSig	0.602	0.556	0.358	0.28	0.93	0.56	0.898	0.589	0.457	0.639	0.274	0.526	0.878	0.56
ASV_28	-0.16	13.159	0.698094177601719	0.835674781946583	NotSig	0.553	0.617	0.672	0.671	0.141	1.075	0.297	0.462	0.89	0.701	0.514	0.638	0.51	0.448
ASV_139	-0.163	11.004	0.712657570570208	0.84692638821387	NotSig	0.109	0.128	0.131	0.136	0.238	0.045	0.051	0.056	0.102	0.108	0.149	0.175	0.102	0.128
ASV_23	0.28	13.328	0.72704688225667	0.852310192092325	NotSig	0.684	0.61	0.393	0.368	2.953	0.182	0.058	0.151	0.426	0.085	0.821	0.686	0.588	1.056
ASV_150	-0.166	10.786	0.731977986575802	0.852310192092325	NotSig	0.094	0.108	0.14	0.12	0.059	0.091	0.036	0.119	0.024	0.108	0.149	0.056	0.086	0.224
ASV_4	-0.136	15.17	0.732778884664743	0.852310192092325	NotSig	2.25	2.503	4.271	1.127	1.339	1.923	3.463	1.377	2.837	3.636	1.626	1.531	3.066	2.32
ASV_204	0.234	10.142	0.757040270576029	0.87014440638197	NotSig	0.062	0.055	0.009	0.056	0	0.098	0.159	0.048	0.008	0.015	0.075	0.048	0.102	0.08
ASV_120	-0.116	10.817	0.758723476296474	0.87014440638197	NotSig	0.098	0.107	0.131	0.12	0.119	0.068	0.029	0.119	0.095	0.116	0.124	0.064	0.133	0.112
ASV_162	-0.161	10.565	0.772197390657454	0.877110055140374	NotSig	0.079	0.089	0.122	0.16	0.074	0.03	0.014	0.072	0.15	0.023	0.116	0.048	0.071	0.128
ASV_135	0.115	11.137	0.775493646313135	0.877110055140374	NotSig	0.136	0.127	0.175	0.144	0.193	0.076	0.043	0.183	0.165	0.092	0.091	0.104	0.173	0.136
ASV_50	0.092	12.427	0.783114401001418	0.879662751809812	NotSig	0.353	0.341	0.332	0.559	0.409	0.363	0.167	0.287	0.268	0.2	0.398	0.439	0.251	0.488
ASV_7	-0.145	14.632	0.792782085221287	0.884464367185654	NotSig	1.5	1.73	0.707	0.344	3.086	1.083	3.159	0.621	2.033	2.388	1.552	0.646	1.56	2.2
ASV_80	-0.165	11.791	0.809773679117434	0.887018705685259	NotSig	0.202	0.237	0.271	0.192	0.201	0.227	0.138	0.183	0.024	0	0.382	0.311	0.321	0.384
ASV_93	-0.211	11.334	0.810818764800292	0.887018705685259	NotSig	0.137	0.168	0.096	0.032	0.089	0.068	0.449	0.088	0.016	0.054	0.315	0	0.384	0.24
ASV_123	0.152	11.216	0.81662920633982	0.887018705685259	NotSig	0.149	0.137	0.061	0.24	0.067	0.136	0.022	0.366	0.039	0.077	0.29	0.064	0.071	0.28
ASV_29	-0.086	13.017	0.816706247307769	0.887018705685259	NotSig	0.511	0.545	0.576	0.432	0.409	0.795	0.145	0.708	0.67	0.555	0.564	0.471	0.69	0.32
ASV_44	0.069	12.71	0.855697242005115	0.91844216329437	NotSig	0.425	0.419	0.297	0.631	0.535	0.356	0.514	0.215	0.489	0.331	0.39	0.798	0.227	0.28
ASV_27	-0.047	12.968	0.862127765061182	0.91844216329437	NotSig	0.496	0.525	0.524	0.663	0.491	0.31	0.384	0.605	0.528	0.462	0.606	0.55	0.345	0.656
ASV_134	0.061	11.116	0.862656544418943	0.91844216329437	NotSig	0.132	0.128	0.122	0.192	0.067	0.174	0.116	0.119	0.095	0.146	0.091	0.207	0.141	0.088
ASV_155	0.06	10.781	0.870229693690157	0.91844216329437	NotSig	0.101	0.098	0.148	0.08	0.037	0.114	0.109	0.119	0.134	0.077	0.1	0.088	0.125	0.064
ASV_97	-0.051	11.679	0.877630689997983	0.91844216329437	NotSig	0.192	0.206	0.105	0.192	0.134	0.197	0.326	0.199	0.181	0.146	0.257	0.239	0.173	0.24
ASV_121	0.067	11.228	0.879240363641562	0.91844216329437	NotSig	0.144	0.139	0.21	0.104	0.089	0.076	0.109	0.279	0.087	0.169	0.133	0.112	0.259	0.072
ASV_36	-0.06	12.993	0.885860581652741	0.919500856905376	NotSig	0.506	0.526	0.498	0.24	0.223	0.674	0.5	0.899	0.686	0.924	0.398	0.455	0.431	0.264
ASV_110	-0.04	11.36	0.91184419459336	0.937510057623947	NotSig	0.152	0.161	0.087	0.288	0.119	0.182	0.159	0.08	0.15	0.139	0.207	0.12	0.149	0.2
ASV_117	-0.053	11.057	0.914643958657509	0.937510057623947	NotSig	0.12	0.127	0.218	0.056	0.112	0.053	0.116	0.167	0.173	0.162	0.116	0.199	0.024	0.088
ASV_142	-0.046	10.741	0.930855371323568	0.947372912730001	NotSig	0.094	0.1	0.131	0.184	0.119	0.023	0.036	0.072	0.095	0.046	0.158	0.104	0.031	0.168
ASV_153	-0.045	10.863	0.935819584525976	0.947372912730001	NotSig	0.105	0.108	0.087	0.208	0.03	0.159	0.08	0.064	0.189	0.116	0.091	0.191	0.024	0.04
ASV_127	-0.026	11.134	0.960504894870772	0.966397562937464	NotSig	0.126	0.134	0.122	0.056	0.35	0.091	0.051	0.088	0.142	0.139	0.149	0.072	0.078	0.224
ASV_122	0.009	11.221	0.98420868271868	0.98420868271868	NotSig	0.137	0.142	0.035	0.104	0.238	0.114	0.203	0.127	0.087	0.092	0.133	0.096	0.251	0.192
